
-15.2275294503 -1.23721455189 167.416313581
-15.1821716244 -1.23213589443 154.526195984
-15.1309865601 -1.2202360134 141.61126345
-15.0781944868 -1.19988708396 128.75878287
-15.0274260265 -1.17074755675 115.87658368
-14.9822414269 -1.13387572449 102.959175536
-14.9454180938 -1.09146393798 89.9878761636
-14.9186377574 -1.04654150852 76.9037242824
-14.9022661544 -1.00307616858 63.8044596343
-14.8943027715 -0.962231624573 50.7536106031
-14.8936590144 -0.910941153031 37.6004413359
-14.9116369658 -0.823537360112 24.2073983971
-14.9705236522 -0.69088833102 10.8837674758
-15.0880073134 -0.526364207098 -2.37631675884
-15.2673173608 -0.355679100746 -15.5942722658
-15.4989723535 -0.202786873646 -28.6815104211
-15.7759212098 -0.079452231123 -41.7659515785
-16.0926315086 0.00832127890032 -54.7765648463
-16.4458187902 0.0603956811155 -67.6608582753
-16.7806324545 0.0830978133127 -80.4210345432
-16.9656595635 0.0978319048811 -93.062867747
-17.0330114305 0.122156945537 -105.774137058
-17.0520481554 0.15617039562 -118.432025931
-17.0545727056 0.193203280037 -131.161284784
-17.0505243065 0.222124552738 -143.872141635
-17.0393260344 0.238200155279 -156.5402871
-17.0184726932 0.244980043087 -169.325683605
-16.9875216937 0.247562565581 177.993054008
-16.9468190919 0.25084666825 165.23994529
-16.8981051962 0.25886649727 152.35705268
-16.8453935316 0.274270223017 139.551631944
-16.7920366129 0.298537536709 126.676665179
-16.7421466477 0.331556388255 113.761966677
-16.699153898 0.372009629109 100.786086375
-16.6658259886 0.417358915332 87.7542333946
-16.6437662234 0.464205641195 74.6666973231
-16.6329469533 0.509057541108 61.5268545034
-16.6314512258 0.552163373857 48.4248294117
-16.6398357695 0.608396861677 35.2561252499
-16.6709857783 0.699499744194 22.0321058968
-16.746830148 0.832400917614 8.72217740062
-16.8816922221 0.990324993091 -4.51609452597
-17.0744158268 1.14692723582 -17.6178534891
-17.3188336977 1.28317413258 -30.7504330243
-17.6048348838 1.38567524994 -43.801767415
-17.931348077 1.44940752867 -56.8583405135
-18.2908757009 1.47218520594 -69.7710523119
-18.6041293087 1.46528226519 -82.468801542
-18.7584614859 1.46319815721 -95.335939047
-18.8059012343 1.47984294266 -107.828443323
-18.8152614384 1.51054446902 -120.577780873
-18.8113145123 1.54586071713 -133.524295161
-18.8018646251 1.57183576578 -146.277102175
-18.7850925869 1.58560984774 -159.026280558
-18.7584924635 1.59156308175 -171.924921292
-18.7221369035 1.59489633179 175.277938457
-18.6777546829 1.60024608711 162.675096755
-18.6249525954 1.61175342444 149.526997783
-18.5704206474 1.63124988964 136.648264331
-18.5167030201 1.66005331614 123.641975406
-18.4685849659 1.69714214191 110.709250754
-18.4289244569 1.74093312343 97.7464121151
-18.4002245833 1.78849777405 84.7740615267
-18.3835704011 1.83680550664 71.680172345
-18.3788506823 1.88261629621 58.5099127851
-18.3844381053 1.9287560599 45.2718863705
-18.4032243485 1.99149722003 32.0663656935
-18.4506969147 2.08977949872 18.7835359135
-18.5471288111 2.22406511498 5.49719952298
-18.7027398526 2.37495976887 -7.72770438101
-18.9144036602 2.51776379156 -20.8989473395
-19.1734133086 2.6339537293 -34.0419837878
-19.4718000836 2.71241374085 -47.1109480776
-19.8054579714 2.74735933062 -60.0296163224
-20.1656456986 2.73729144751 -72.922908228
-20.4381030767 2.7051742042 -85.7057538967
-20.5478960864 2.69402479349 -98.4092426833
-20.5758619316 2.7078706035 -111.06773676
-20.5749047587 2.73726174184 -123.722468108
-20.5654005918 2.7694829355 -136.319166806
-20.5508373752 2.79213407823 -149.081810177
-20.5285448846 2.80368837664 -161.916555089
-20.496702659 2.80904753507 -174.771277598
-20.4555077406 2.81348252594 172.396371354
-20.4061723485 2.82147685576 159.489366047
-20.3524649588 2.83608667124 146.727772462
-20.2969408144 2.85948686531 133.81959759
-20.2448365972 2.89154436581 121.042828695
-20.1979906217 2.93280938452 107.871940804
-20.1615751223 2.97973319427 94.8223389877
-20.13728345 3.02965378146 81.7320044139
-20.1261482936 3.07889821856 68.6501238521
-20.127515623 3.12542145743 55.4878714988
-20.1402805245 3.17430945139 42.2957793105
-20.1698758879 3.24298785209 29.0650657165
-20.2329756286 3.34577002283 15.8249216316
-20.3475208991 3.47841009419 2.5995898834
-20.5212876163 3.62097452261 -10.6622645894
-20.7478145602 3.74877681228 -23.8543300581
-21.0183724244 3.84529328995 -37.0071793069
-21.3270957084 3.90039784043 -50.1132477599
-21.6697457451 3.90722688868 -63.0764326223
-22.0188460156 3.86609386778 -75.8937551509
-22.2414418773 3.81749956336 -88.5287165108
-22.3194203079 3.80164559962 -101.380493105
-22.3320838052 3.81459171237 -114.105781564
-22.3234959778 3.84361646209 -126.775657204
-22.3091008274 3.8736624554 -139.46376248
-22.289704324 3.89274420374 -152.170963535
-22.2624530653 3.90223608742 -164.888293275
-22.226005569 3.90743458272 -177.638849171
-22.1808860077 3.91326591629 169.598430186
-22.1287517999 3.9238238779 156.760892863
-22.0726204184 3.94199177756 143.847557681
-22.0169562224 3.96906806963 130.968264401
-21.9657821438 4.00491482998 118.115439122
-21.9223137715 4.04851466717 105.182877188
-21.8895229398 4.09768341194 92.1513564075
-21.8698225975 4.14857685648 79.1816388525
-21.8636957191 4.19837015424 66.1377206613
-21.870619841 4.24570336764 52.9752547149
-21.8904027382 4.29758031113 39.7351789142
-21.9301153217 4.3702730098 26.5630055201
-22.0072845771 4.47530646338 13.326536241
-22.1375596862 4.60478248305 0.0934109710919
-22.3245163619 4.73700646472 -13.1094058128
-22.560742109 4.84964343688 -26.2438189836
-22.8398692864 4.9281156452 -39.4205754397
-23.1531388616 4.96150399856 -52.4521580747
-23.5002318275 4.94238251512 -65.4427804982
-23.8304626728 4.87550269643 -78.1919290836
-24.0130329753 4.81633486531 -90.8495685481
-24.066982947 4.79807565758 -103.446559374
-24.0694209165 4.80997938195 -116.166380735
-24.0552718139 4.83868923195 -128.939987642
-24.0368056901 4.86680044091 -141.711826182
-24.0131070961 4.8835575069 -154.486941775
-23.981516392 4.8919790655 -167.218594496
-23.941395951 4.89749196691 -179.878806208
-23.8921737794 4.90501065388 167.156690196
-23.8381227451 4.91792618307 154.439585801
-23.7804270544 4.93930862353 141.434542915
-23.7248136528 4.96968001311 128.528009753
-23.6752007377 5.00843013555 115.708484583
-23.6339045816 5.05503587981 102.644507826
-23.6046814088 5.10617968656 89.5833123305
-23.5892632356 5.15873617359 76.4578788787
-23.5882589965 5.20880365711 63.4386986346
-23.6009351816 5.25713768323 50.2215668471
-23.6276138012 5.31122536232 37.1568316458
-23.6787884265 5.38913415024 23.8059561076
-23.7705768308 5.49590158685 10.5774274759
-23.9186002857 5.62273890256 -2.82192316648
-24.1196271226 5.74410590908 -16.023223219
-24.3664222533 5.8407961194 -29.1470662688
-24.6504487451 5.89918070842 -42.1787077252
-24.9696140233 5.90973059436 -55.199398374
-25.3174009873 5.8631152127 -68.1625844236
-25.6189533342 5.77423872763 -80.9526987309
-25.758140917 5.71167706215 -93.6660335725
-25.790414445 5.69471805292 -106.522563175
-25.7825670643 5.70850598478 -119.255916401
-25.7637486873 5.73715172799 -131.877393696
-25.7413902479 5.76245070309 -144.70144256
-25.7134238094 5.7765245865 -157.454476063
-25.6772735427 5.78404581046 -170.236357666
-25.6327044144 5.7902932185 176.985985419
-25.5808836157 5.79971677176 164.192744693
-25.5246180403 5.81557022005 151.434899826
-25.4667492036 5.84013552908 138.542592365
-25.4121598903 5.8736781975 125.699036407
-25.3642418874 5.91569973649 112.782809444
-25.3266751624 5.9639437688 99.9136664574
-25.301262453 6.01705866942 86.7401294982
-25.2906228587 6.07025059587 73.6279029533
-25.2949284297 6.12091803204 60.4779510475
-25.3133384107 6.16971974741 47.3771116612
-25.3482045678 6.22780281461 34.1572718367
-25.4100590197 6.30845313091 21.0108482506
-25.5189807915 6.41819733085 7.50465242429
-25.6813261563 6.53853100711 -5.78934662933
-25.8966072417 6.64878948274 -19.0856324188
-26.154895033 6.729342362 -32.2953275737
-26.4464779837 6.76731382379 -45.3221786397
-26.7745855054 6.75268956363 -58.4551854777
-27.1150980989 6.67775633075 -71.2804890376
-27.3723707181 6.57508834074 -84.0052076787
-27.4704807096 6.51519272784 -96.7903127193
-27.4839423336 6.50212213193 -109.480421464
-27.4686190204 6.51785295708 -122.027564059
-27.4458292584 6.54664502894 -134.773607367
-27.4200162683 6.56880853358 -147.544096985
-27.3879896352 6.58082957466 -160.318611288
-27.3479519623 6.58792413975 -173.071451876
-27.3000310566 6.59518611594 174.180395618
-27.2456578034 6.60673377302 161.399300631
-27.1874213311 6.62563522793 148.527182409
-27.128801915 6.65382775622 135.488287342
-27.0753309678 6.69074874045 122.594447984
-27.0297228154 6.73591461825 109.582693851
-26.9956297612 6.78670547669 96.6001516259
-26.9750953911 6.84063449201 83.516820342
-26.9697096246 6.89376003563 70.4861219528
-26.9794726116 6.94400881074 57.4128472696
-27.0040292117 6.99403905094 44.2884251281
-27.0472333815 7.05543564617 31.1025558654
-27.1222191481 7.14072084708 17.8328594108
-27.2431124491 7.24742330457 4.65570329737
-27.4188594667 7.36095100695 -8.63606192204
-27.6425193572 7.45813080615 -21.8100933909
-27.9077693026 7.52271414989 -35.0000703286
-28.207483299 7.5416576565 -48.1373679067
-28.5366283161 7.50350921201 -61.1725718351
-28.8665905651 7.40357713089 -74.0185783707
-29.0795048754 7.29468663256 -86.7399487535
-29.146143738 7.23962875817 -99.3446261001
-29.1469403676 7.2296135829 -112.006135217
-29.1258507876 7.24749380837 -124.647704035
-29.1000163147 7.27557606765 -137.3831225
-29.0708694851 7.29501455487 -150.166807784
-29.035126818 7.30555992483 -162.962339656
-28.9915835301 7.31268045526 -175.719232687
-28.9404101464 7.3212784742 171.459683655
-28.8840164515 7.33505447135 158.694409527
-28.8248572231 7.35676428314 145.827679902
-28.7671943306 7.38755902281 132.934420445
-28.7153198277 7.42702837712 120.072730412
-28.6722762516 7.47426099968 107.088198429
-28.6415767087 7.52628162573 94.1714648966
-28.624919477 7.58089022362 81.1025217574
-28.6238342021 7.63419375759 68.0495996289
-28.6383588453 7.68459055194 54.9219994159
-28.6686963169 7.73613213643 41.7044179783
-28.7202589403 7.80084334269 28.4291500781
-28.8057096517 7.88742037239 15.2455991726
-28.9399718046 7.99271419675 1.97617509764
-29.1255476713 8.09775652802 -11.2185021378
-29.3588931051 8.18320817092 -24.4661420722
-29.6300357222 8.23204480172 -37.6464680525
-29.9312329109 8.23221896494 -50.6624380111
-30.2610132831 8.17151778686 -63.6762693441
-30.5732628564 8.05079988217 -76.5480425469
-30.7439990242 7.9417712461 -89.241198988
-30.7869560177 7.89187716295 -101.870777678
-30.7774333843 7.88562691923 -114.602873232
-30.751827893 7.90582966849 -127.278295425
-30.7234118284 7.93255458909 -139.983928528
-30.6913463916 7.94940622417 -152.683124737
-30.6522976373 7.95892423821 -165.465619036
-30.6054948181 7.96643928989 -178.27098024
-30.5522528054 7.9764253403 169.007671945
-30.4939852066 7.99249932684 156.17828406
-30.4345374066 8.01677275177 143.356653484
-30.3771970739 8.05047970029 130.381374885
-30.3268469 8.0926329207 117.444771109
-30.2866995428 8.14165364405 104.497089315
-30.2592602776 8.19551330934 91.4322655702
-30.2469107232 8.2502132327 78.4480914603
-30.2504085011 8.30339651245 65.372572881
-30.2697472706 8.35346710855 52.2936739193
-30.3059155979 8.40633885399 39.0652822073
-30.3651892757 8.47309243942 25.8820821589
-30.4624795305 8.56178962955 12.568625007
-30.6076349192 8.66333735223 -0.624772352628
-30.8045243726 8.76074073736 -13.9042073237
-31.0442852295 8.83331163788 -27.0971537313
-31.3176481395 8.86637503402 -40.1459806759
-31.6219813329 8.84817278562 -53.1604855791
-31.950194313 8.76511948984 -66.1536715806
-32.2340502632 8.63046726749 -78.8701908599
-32.3680692491 8.52475725549 -91.6055243585
-32.392531547 8.48028768144 -104.263683493
-32.3753321616 8.47761526843 -116.892017372
-32.346210715 8.49978560521 -129.643824633
-32.3154960566 8.52474205299 -142.325763559
-32.2805955697 8.53960749713 -155.012720194
-32.238479199 8.54854028803 -167.815341295
-32.1891000476 8.55666442695 179.404490134
-32.1332929213 8.5683358771 166.565508301
-32.0741051305 8.58656923859 153.792947411
-32.0145395139 8.61334420934 140.971137053
-31.9583696331 8.64936452946 128.043280165
-31.9097935583 8.69375383774 115.061640613
-31.8723273989 8.74445401914 102.082012831
-31.8484120825 8.79896250339 89.074495052
-31.839886903 8.85422715594 76.0000713766
-31.8476110668 8.90686946894 62.9717077803
-31.8717023379 8.95720528541 49.7960853342
-31.9133547806 9.01109876557 36.6260248979
-31.9811748761 9.08047704795 23.3335859171
-32.0875441346 9.16839729964 10.1538472976
-32.2441983198 9.26667392596 -3.15172738882
-32.4480062055 9.35472904102 -16.3388199766
-32.6936642357 9.41519347576 -29.5419784579
-32.9716305184 9.43334811462 -42.6214630432
-33.277464421 9.39689648353 -55.5956271122
-33.5986511978 9.29333435496 -68.4730052151
-33.8525832514 9.14881591775 -81.2109502229
-33.9531901725 9.05017843027 -93.8212087967
-33.9630544604 9.01108469656 -106.554280671
-33.9392389676 9.01227497809 -119.370815472
-33.9075482624 9.03613626696 -132.083058798
-33.8745667651 9.05889722079 -144.7675788
-33.8367806159 9.07208426618 -157.489850225
-33.7917902753 9.0807159456 -170.301021394
-33.7401823998 9.0896787696 176.968706505
-33.6830532957 9.1029789306 164.220704087
-33.6224891508 9.12366037557 151.326341369
-33.5629756273 9.15304681619 138.458416273
-33.5075798424 9.19192512201 125.385254793
-33.4615998622 9.23811835897 112.462391468
-33.4273425946 9.29004272315 99.5201526707
-33.4070717923 9.34537205199 86.4702662581
-33.4026932322 9.40018883855 73.4860559623
-33.4149041292 9.45276012917 60.3414444794
-33.443883724 9.50312393479 47.1362995741
-33.4919608092 9.55883212161 33.8843621602
-33.5683564103 9.63011095904 20.6198196558
-33.6865892407 9.71859266395 7.32072101672
-33.8534431873 9.81161932626 -5.9472493098
-34.0668419397 9.89040675634 -19.2073737399
-34.3165699799 9.93717561831 -32.3147464465
-34.5982671662 9.93908011873 -45.3786811748
-34.9070581146 9.88226432093 -58.3860314066
-35.2191750015 9.75657942811 -71.2533733222
-35.4321530865 9.61016643181 -83.8842002429
-35.5012586885 9.5214696123 -96.5782425894
-35.4977110602 9.49033393177 -109.062761613
-35.4686478752 9.49585257689 -121.897156756
-35.4351205398 9.52075910182 -134.526896181
-35.3996178756 9.5413180792 -147.322165809
-35.3592728504 9.55308593074 -160.006209149
-35.3116424076 9.56172735074 -172.822826796
-35.2573840191 9.57189990242 174.3341615
-35.1985234922 9.58722337192 161.52755583
-35.1376507217 9.61029802717 148.66629921
-35.078632146 9.64231685786 135.762011594
-35.0259124103 9.68269596313 122.929499844
-34.9824965203 9.7304219191 110.044633443
-34.9512510613 9.78354162242 97.0712801139
-34.9346501163 9.83899071886 84.080611333
-34.9341743112 9.8937146088 71.0548939028
-34.9505082989 9.94553562584 57.943729277
-34.9838815776 9.99575192063 44.7722062725
-35.0377320637 10.0527107902 31.5097745979
-35.121068286 10.1244037385 18.3544336234
-35.2479831905 10.2113085466 5.04437683946
-35.4219278264 10.2985458319 -8.17656273351
-35.6394254512 10.3679511832 -21.3566846027
-35.8941720873 10.4034179145 -34.5458688548
-36.1779685837 10.3910625957 -47.6030423341
-36.486679046 10.3165062695 -60.6053572722
-36.7846430021 10.1744276953 -73.4165549136
-36.9638446249 10.0290565895 -86.1087608949
-37.010145912 9.94935880963 -98.7182889626
-36.9969462602 9.92362895596 -111.412547786
-36.9643829249 9.93279370655 -124.102768909
-36.9289664945 9.9581660131 -136.816195695
-36.8917460396 9.97644187271 -149.478066571
-36.848696506 9.98742003787 -162.264137329
-36.7992934914 9.9962924814 -174.972961534
-36.7439151679 10.0074982981 172.316078117
-36.6838709631 10.0245937229 159.466825296
-36.6228700354 10.0496768481 146.608703748
-36.5650078888 10.0834298049 133.796328352
-36.5128075272 10.1264675879 120.687570313
-36.4716425147 10.1758163465 107.738344321
-36.4433563141 10.2300067861 94.704687155
-36.4303049709 10.2856934035 81.6899257626
-36.4337070967 10.3399682868 68.6625182919
-36.4540274746 10.3909597775 55.5873185266
-36.4916071372 10.4409779051 42.4754316451
-36.550520138 10.4984663231 29.3229308714
-36.6424086296 10.5716832863 16.0015390513
-36.7770880401 10.6561462942 2.75279449302
-36.9577796632 10.7373229694 -10.4485200026
-37.1804176893 10.7975504574 -23.6420197095
-37.4378081418 10.821119288 -36.807258107
-37.7223254526 10.7944598907 -49.8172697971
-38.0278067386 10.7029068117 -62.7335418809
-38.3096379578 10.5462217476 -75.612716737
-38.4549086545 10.406430702 -88.3173276843
-38.4824638947 10.3355537825 -100.914901878
-38.4618866035 10.3153842688 -113.51175275
-38.4261286466 10.3279815429 -126.317993484
-38.3893833818 10.3529008412 -138.991159945
-38.3499904247 10.3694188912 -151.706583903
-38.3050176653 10.379741018 -164.411689219
-38.2534766803 10.3891263149 -177.164598491
-38.1961740272 10.4017536605 170.024705687
-38.1356595126 10.4206398747 157.23601089
-38.0746539176 10.4478981227 144.344381398
-38.017459759 10.4839611644 131.435943977
-37.9678569479 10.5281473406 118.495809824
-37.9291409081 10.5787692347 105.517658874
-37.9040103252 10.6332255173 92.556904734
-37.8942710913 10.6889596032 79.5162096613
-37.9013386963 10.7429771628 66.4083757043
-37.9254683322 10.7932586655 53.3350891577
-37.9674253731 10.8434823501 40.1906927386
-38.0321131573 10.9020291807 27.0171934828
-38.1307447615 10.9749637528 13.7675568093
-38.2738349043 11.0570966637 0.437726025663
-38.4605731417 11.131787532 -12.7435567117
-38.6861566878 11.1823988542 -25.8660092507
-38.9457097184 11.1942735286 -39.0153510814
-39.2313197569 11.1532760912 -52.019948804
-39.5340462295 11.0440864604 -64.9333443262
-39.7914773181 10.8787408411 -77.7066580981
-39.9055885504 10.7479251387 -90.2980238173
-39.9187347205 10.6848029128 -102.884106977
-39.8921444713 10.6694765393 -115.551801341
-39.854736727 10.6847153456 -128.17267029
-39.8166893227 10.7087432945 -140.838981195
-39.7757116852 10.7238579328 -153.492481618
-39.7288734722 10.7339451097 -166.205491865
-39.6756493957 10.7439664905 -178.983688463
-39.617708509 10.7577229939 168.304444391
-39.556453831 10.7783074574 155.450880882
-39.4960711788 10.8071284619 142.625626886
-39.4401308563 10.8445841135 129.769407132
-39.392038637 10.8901232441 116.792130922
-39.3556189965 10.9412786475 103.878320665
-39.3328278212 10.9963424511 90.8456547426
-39.3258660617 11.0520740934 77.7591221408
-39.3359934187 11.1056464217 64.6098757788
-39.3635568239 11.1556771865 51.4352684426
-39.4093698365 11.2060222265 38.2601485464
-39.4797204861 11.2656170131 24.9690458756
-39.5847284847 11.3380426436 11.721667508
-39.7335242109 11.4166748283 -1.55634845065
-39.9248915776 11.485080149 -14.7360536479
-40.155459154 11.5271790678 -27.9734059857
-40.4169042349 11.5277274004 -41.125303481
-40.7031273751 11.4726012407 -54.1294466466
-41.0021936825 11.3459474286 -67.0931517946
-41.2334484533 11.1748261803 -79.899250084
-41.3192111669 11.0540918069 -92.5289443243
-41.31919063 10.9995650685 -105.155222947
-41.2871746278 10.9898360846 -117.917358785
-41.2478321703 11.008478715 -130.618455985
-41.2084727793 11.0308583791 -143.280300008
-41.1651640764 11.0446370661 -156.046140963
-41.1163854871 11.0545608714 -168.73286488
-41.0616978009 11.0654335022 178.540079185
-41.0026811755 11.0807917651 165.827346427
-40.940791266 11.103584798 152.892743628
-40.8813517335 11.134445169 140.117724501
-40.8271626328 11.1737311308 127.292795392
-40.7815886122 11.2206143348 114.352086356
-40.7480060339 11.2728767551 101.386088805
-40.7286847784 11.3281421166 88.3667055743
-40.7254502278 11.3832045998 75.3410828707
-40.7391070685 11.4351924116 62.3682766081
-40.7706542777 11.4848324414 49.0983920814
-40.8212898138 11.5357277929 35.8311338651
-40.8973397975 11.5958476258 22.5898010983
-41.0104077169 11.6681552844 9.25459134275
-41.1672598227 11.7433057793 -4.09261573464
-41.3646474154 11.804452726 -17.291598697
-41.5959563391 11.8360131934 -30.3673062584
-41.8583149311 11.8242184001 -43.4626568498
-42.144329102 11.7537907168 -56.4341758001
-42.4328065033 11.6117349548 -69.2672704096
-42.6335810373 11.4406786369 -82.0216130502
-42.6950889504 11.3305204104 -94.7187812286
-42.6845639533 11.2842167736 -107.310683127
-42.648970083 11.2794701625 -119.944146164
-42.6086347255 11.3001868209 -132.577727984
-42.5676693419 11.3210608211 -145.337339042
-42.5229488866 11.3338421524 -158.025242196
-42.4721623685 11.3439937876 -170.808819914
-42.4161909783 11.3558087621 176.46643499
-42.3561752646 11.3727526733 163.695593553
-42.2951314789 11.3969877813 150.93592945
-42.2360923322 11.4297918007 138.074139716
-42.1831415688 11.4708833523 125.165722618
-42.1396895927 11.5190855219 112.181560118
-42.1087694831 11.5722041018 99.1618590073
-42.0926459563 11.6273665141 86.1765583261
-42.0927722719 11.6819202933 73.1446329245
-42.1101703915 11.7335349607 60.0274288067
-42.1451924628 11.7820662648 46.8617361707
-42.199484706 11.8325994953 33.7200608754
-42.2811849974 11.8932357033 20.4271043232
-42.4013837846 11.9647414666 7.01091129162
-42.5637288219 12.0355650743 -6.3012001141
-42.7649632783 12.0895598336 -19.4847238623
-42.9993065292 12.1117359161 -32.5945311967
-43.264225135 12.087754867 -45.7405105507
-43.5514504921 12.0011018381 -58.7785205288
-43.8272809244 11.8441897595 -71.5597113948
-43.9947503952 11.6782391332 -84.2410138126
-44.034645324 11.5799726063 -96.9263726749
-44.0154105822 11.5414687108 -109.529708464
-43.9765854037 11.5416780909 -122.20046355
-43.9350799079 11.5643213524 -134.921502886
-43.8926896895 11.5832864941 -147.696056194
-43.8460119269 11.5953419843 -160.44421426
-43.7935851515 11.6058323974 -173.226136174
-43.7359467353 11.6189401492 173.951855396
-43.6753158747 11.6376724509 161.17324182
-43.6143424651 11.6640462129 148.368572586
-43.5565115471 11.6988716709 135.504871022
-43.5054450426 11.7418341173 122.544442044
-43.4650511252 11.7908617047 109.652429767
-43.4373751356 11.844474645 96.6458388439
-43.4247873133 11.8996226811 83.6346202649
-43.4287702384 11.9536698043 70.5439980254
-43.4499607077 12.0038656042 57.5053512612
-43.4888477344 12.0515818559 44.3752040639
-43.5485204477 12.1029379199 31.1093596909
-43.6358955608 12.1635384572 17.9230404149
-43.7593029361 12.2316441804 4.8568628866
-43.928405979 12.2984459706 -8.5744648334
-44.1346533244 12.3451853336 -21.8346386129
-44.3747283791 12.3572268237 -35.1196854347
-44.6407028867 12.3198478235 -48.2325891364
-44.9238391209 12.2174200005 -61.1327450327
-45.1830730114 12.0479342623 -73.8986095349
-45.3174635257 11.8905784208 -86.5859853576
-45.3385145442 11.804547956 -99.2761290908
-45.3118303147 11.7738263914 -111.925823216
-45.2707162543 11.779097877 -124.549969404
-45.2285939941 11.8025498115 -137.243695871
-45.1851864523 11.8196722949 -149.913830961
-45.1371223677 11.8312305438 -162.61395998
-45.0832816298 11.8422451131 -175.406039184
-45.0247543492 11.8565498378 171.783665403
-44.9640190561 11.8768326341 159.045196374
-44.9035084261 11.9049597029 146.239063568
-44.8467571001 11.9415468684 133.334813861
-44.7977220515 11.9857777561 120.392084642
-44.7589629852 12.0370227042 107.157222
-44.7344941618 12.091117937 94.1211199972
-44.7254862618 12.1460895806 81.0782698159
-44.7331811255 12.1989207165 68.0686253409
-44.7582852363 12.2482495444 54.9557304293
-44.8012138206 12.2954102868 41.8169037472
-44.8656630024 12.346997828 28.5840186363
-44.9599785585 12.4081248321 15.3142970498
-45.0931135556 12.4754706768 1.99943394101
-45.2671449061 12.536132603 -11.3038529275
-45.4764623753 12.5740338015 -24.4852286382
-45.7163033212 12.5750184498 -37.6151919004
-45.9818427398 12.5243166178 -50.648121889
-46.2630925881 12.4045589709 -63.5772278442
-46.4998274116 12.2266048406 -76.3110051387
-46.6019688723 12.0818092994 -88.9450307307
-46.6076614378 12.0079323018 -101.520374976
-46.5751543967 11.984282262 -114.214515704
-46.5317336261 11.9943215134 -127.022334578
-46.4890495331 12.0175806298 -139.688533014
-46.4441077401 12.0332570511 -152.400805158
-46.3945453697 12.044552452 -165.083166104
-46.3392922215 12.0563204661 -177.896477519
-46.2797638013 12.0721162244 169.255485932
-46.2185173686 12.094421108 156.430345577
-46.1587437925 12.1245857329 143.613569144
-46.1038139319 12.1629012593 130.743653415
-46.0575609597 12.2080993978 117.913476818
-46.0223046986 12.2591149025 104.93185594
-46.0009315903 12.3129571176 91.991083186
-45.9950265466 12.3674042863 78.9670283979
-46.0060035683 12.4195948092 65.888329615
-46.0342845356 12.4677066683 52.815750839
-46.0805959288 12.5143216385 39.6833633721
-46.1488560316 12.565728082 26.5138843307
-46.2483229233 12.6264223725 13.2255203899
-46.3865608585 12.6912017428 -0.0998747879739
-46.5639441241 12.7465156892 -13.3688791605
-46.7750265025 12.7770003589 -26.5254331912
-47.0166466437 12.768546911 -39.6915859485
-47.283417874 12.7052745782 -52.7736424
-47.560274113 12.5701971092 -65.7094262034
-47.7719537455 12.3895455145 -78.3664242914
-47.8486704032 12.2569243953 -90.9378150897
-47.8430537661 12.1921164354 -103.58642621
-47.8064168491 12.1743774771 -116.266059214
-47.7623766296 12.1878823257 -128.923136373
-47.7188742589 12.21040766 -141.625823086
-47.6726679399 12.2251237773 -154.353883483
-47.6219243538 12.2364433147 -167.022909149
-47.5661814891 12.2488674646 -179.732131686
-47.5065902013 12.2657480964 167.507986942
-47.4454477466 12.2894720505 154.678794999
-47.3865780025 12.3209544157 141.89365105
-47.3327771491 12.3606495823 128.965580211
-47.2882867382 12.4068536573 116.098150609
-47.2554362913 12.4580774146 103.173140649
-47.2365022648 12.5119765982 90.2092471388
-47.233243504 12.5658415569 77.1989632121
-47.2469004856 12.6170923999 64.1296398091
-47.2778249654 12.6642266964 51.0619994454
-47.3274800542 12.7107426226 37.8120001426
-47.3998376075 12.7622996172 24.5742483863
-47.5031765353 12.8218113502 11.3515681527
-47.6438474793 12.8831852138 -1.84140802982
-47.8240698062 12.9336804654 -15.1362617792
-48.0367185437 12.9574728462 -28.316948092
-48.2777141111 12.9406059371 -41.43297487
-48.5429260774 12.8668152451 -54.4740009208
-48.8126623415 12.720183218 -67.3589659345
-49.0022904257 12.5396926791 -79.9997636685
-49.0602377857 12.4168024605 -92.5851135111
-49.0464692365 12.3592194905 -105.249429536
-49.0065453597 12.3462576883 -117.992096291
-48.9613975198 12.362686728 -130.754830006
-48.9172569067 12.3840402972 -143.434096206
-48.8701485034 12.3980633707 -156.115940078
-48.8177769825 12.4097049161 -168.920156627
-48.761304005 12.4229526054 178.387654374
-48.7012850219 12.4411376926 165.608348499
-48.6402741008 12.4664141791 152.747848261
-48.5822517712 12.4994214064 139.938135168
-48.5299452757 12.5404597515 126.979637301
-48.4874934585 12.58762197 114.082009015
-48.4569745342 12.6396510438 101.052450352
-48.440899134 12.6936385393 88.0374859654
-48.4407739281 12.7468690086 75.0158256607
-48.4576044676 12.7969650611 61.9598294813
-48.4916765983 12.8430364216 48.8922532672
-48.5444049758 12.8888403754 35.716610678
-48.6213216329 12.9405833598 22.4094374983
-48.7302897178 12.9994570612 9.11232854355
-48.8758915959 13.0576711733 -4.1000971385
-49.0574533002 13.101975469 -17.2521786793
-49.2723916184 13.1180811965 -30.468133095
-49.5156012198 13.0909409862 -43.6497014797
-49.7802977636 13.0036520208 -56.680599248
-50.0397052303 12.8437044917 -69.5082988379
-50.2013727762 12.6666137375 -82.2148003048
-50.2383812702 12.5564686368 -94.9000472881
-50.2159030428 12.5085938628 -107.534785153
-50.1731168675 12.501705365 -120.262252372
-50.1275531391 12.5212105625 -133.013702839
-50.082298093 12.5410654536 -145.774408166
-50.0336615718 12.5544327014 -158.527463477
-49.980264131 12.5663801284 -171.292422657
-49.9223935998 12.5808645702 175.888709722
-49.8618684816 12.6007662229 163.054964744
-49.8014419088 12.6278596444 150.208460188
-49.7443694973 12.6629036225 137.3048331
-49.694659088 12.7050032766 124.466398975
-49.6547743956 12.7532493712 111.531613294
-49.6275297092 12.8053012054 98.5873955124
-49.6148004364 12.8587078246 85.6538038648
-49.6180816066 12.9112340652 72.600216652
-49.6385124972 12.9603252256 59.4768992544
-49.6766373479 13.0058117235 46.2552728732
-49.7335004216 13.0513338781 33.0801342125
-49.815334513 13.1029741823 19.8173174389
-49.9300715464 13.1605869953 6.5338392105
-50.0819382704 13.2152955451 -6.75207713234
-50.2685934056 13.2530331265 -19.9715250306
-50.482488925 13.2598036999 -32.969965165
-50.7249894789 13.2214649506 -46.0410921626
-50.9889349776 13.1191283722 -59.0711578541
-51.234169216 12.9466510617 -71.8741372908
-51.3647072256 12.7779300236 -84.6438842276
-51.3827825595 12.6823119096 -97.2673014554
-51.3528837708 12.6433568613 -109.990656923
-51.3081769214 12.6424273067 -122.638972642
-51.2620269667 12.6642236768 -135.491073081
-51.2158360453 12.682435419 -148.254998097
-51.1657415149 12.6954216559 -161.066387426
-51.1111753297 12.707930376 -173.847450025
-51.0531010998 12.7235198014 173.43856959
-50.9926521906 12.7449814188 160.63358898
-50.9326718615 12.7739621046 147.72832478
-50.8777148178 12.8101794638 134.972058508
-50.8300979934 12.8534729403 122.134524937
-50.7926329815 12.9027117591 109.125868348
-50.7684214905 12.9548815868 96.1984670528
-50.7589217929 13.0077708763 83.2936218403
-50.7655179861 13.0592811855 70.2603638891
-50.7896058409 13.1075673229 57.0015678533
-50.8309237926 13.1517577648 43.8575272912
-50.8920138237 13.1972951265 30.6037449082
-50.9799099473 13.2493857431 17.1910392127
-51.1019778955 13.305986669 3.75650118338
-51.2588183872 13.3560950049 -9.49642804773
-51.4484244694 13.386465814 -22.6613811015
-51.6674071775 13.3833078766 -35.8131414652
-51.9140610173 13.3305797359 -49.0040313174
-52.1784741461 13.2080533395 -62.1278613341
-52.399987059 13.0251457267 -74.8988623551
-52.4932489372 12.8729082294 -87.6307861369
-52.4934195796 12.7938667316 -100.141133453
-52.45673636 12.7648818524 -112.954903154
-52.4099961586 12.7707986553 -125.720198384
-52.3640337514 12.793562729 -138.487723113
-52.3163909463 12.8102027506 -151.344113336
-52.265181659 12.822872138 -164.092858136
-52.2099420852 12.8360745254 -176.776731947
-52.1507705983 12.8533214181 170.401115663
-52.0903501405 12.8767936999 157.570323188
-52.0319089568 12.9075752555 144.768702939
-51.9781508 12.9461788041 131.825380819
-51.9329430026 12.9913888844 118.853705606
-51.8991240419 13.0413860316 105.871520772
-51.878846436 13.093846673 92.9094617292
-51.873676128 13.1467425551 79.8487139262
-51.8850943904 13.1971976889 66.7366283776
-51.9134236163 13.243028756 53.6935533508
-51.9595828952 13.2864242671 40.4852343935
-52.0265500831 13.33227255 27.1748015351
-52.1202269784 13.3837070515 13.9304551263
-52.2458753434 13.4367506611 0.829647302154
-52.4102490308 13.4821378004 -12.5868428188
-52.6057294194 13.5041517608 -25.8618473742
-52.8307352446 13.4886660891 -39.1694394649
-53.078821193 13.4192310145 -52.3066177506
-53.3354556547 13.2775424029 -65.2566436483
-53.5238532117 13.093793317 -77.8485728545
-53.5848714313 12.9606276049 -90.4593539638
-53.5712641443 12.8948740024 -103.120715691
-53.5300245047 12.8753954054 -115.834359654
-53.4820875829 12.8873401611 -128.705248692
-53.4352522168 12.9098079616 -141.636026341
-53.3871884839 12.9249450361 -154.304197971
-53.3347301386 12.9376961718 -167.058201735
-53.2785418633 12.9518950605 -179.748098792
-53.2192284393 12.9706860283 167.479981599
-53.1593140784 12.9960288087 154.670549288
-53.1016997723 13.0290084905 141.763238507
-53.0509880623 13.0685193171 129.052832592
-53.0084635178 13.114866109 116.070553258
-52.9776224128 13.1658512669 102.969266465
-52.960987429 13.2182070352 90.0098952286
-52.9597035502 13.2702474154 76.9652649065
-52.9750834098 13.3193389683 63.857857266
-53.007609152 13.3640480369 50.7071559995
-53.0581285944 13.40678306 37.4503207669
-53.1290418347 13.4519847292 24.3270648861
-53.2288639041 13.503021967 11.0350710859
-53.3619473236 13.5538648097 -2.21186644533
-53.5301874165 13.5930964409 -15.5351927067
-53.7275292705 13.6064951085 -28.7155797642
-53.9546914662 13.5795598292 -42.0176591386
-54.2014584714 13.4955088582 -55.0383721283
-54.4509286224 13.3358093667 -68.0512782608
-54.6074395447 13.1547378863 -80.7753233596
-54.641888063 13.0392956091 -93.4720909106
-54.6175289216 12.9869483911 -106.07254585
-54.5730547833 12.9758545389 -118.727594461
-54.5254256157 12.9925433417 -131.450295391
-54.479118386 13.0131397516 -144.101840051
-54.4294430882 13.0277488178 -156.93115677
-54.3763199792 13.0407307753 -169.605673594
-54.3193383837 13.0560078957 177.673147059
-54.260115595 13.0762380807 164.946110807
-54.2005273348 13.1034107569 152.077617464
-54.1441247212 13.1381738616 139.126280024
-54.0947858448 13.179745935 126.20723246
-54.0553144796 13.2268154118 113.287268267
-54.0278929629 13.2778181707 100.270941031
-54.0146791888 13.3300361611 87.2792144085
-54.0170524207 13.3811000565 74.2506412049
-54.0362831176 13.4290475389 61.0686618545
-54.0724560672 13.4722997614 47.9362675595
-54.1266058854 13.5142219139 34.7351620557
-54.2038036078 13.5602196394 21.3554152431
-54.3099123041 13.6104647905 8.03016358868
-54.4487376061 13.657909514 -5.21593268681
-54.6227141623 13.6909416584 -18.6163476588
-54.8222499298 13.6950303795 -31.7306164717
-55.0490407904 13.6561605802 -44.8764173861
-55.2957516353 13.5556910236 -57.8815450524
-55.5279921038 13.3840376089 -70.6728963196
-55.6516088203 13.2130629873 -83.3773772106
-55.6664627003 13.1136196176 -96.0347389577
-55.6349260779 13.0715460581 -108.592128078
-55.5878827707 13.0670707678 -121.36706514
-55.541451534 13.0864834302 -133.776686439
-55.4929295304 13.1062207545 -146.85801026
-55.4426007766 13.1202437687 -159.594190267
-55.388048564 13.1338742608 -172.389414986
-55.3299280191 13.150568036 174.762713288
-55.2699721948 13.1728398739 161.867863331
-55.211314848 13.2019726524 149.006230399
-55.1574607582 13.2379831267 136.243939891
-55.1100894984 13.281418363 123.177780582
-55.0739554737 13.3290124852 110.341386104
-55.049927856 13.3805063316 97.2531445284
-55.0405389315 13.432523684 84.1998305301
-55.0470938552 13.4827666262 71.0880878706
-55.0702113771 13.5285804033 58.0543769885
-55.1100539599 13.5702397253 44.9921853972
-55.1689520998 13.6120195593 31.676439314
-55.2507722538 13.6575205637 18.3997253354
-55.3631102495 13.7065334568 5.03002923424
-55.5076805765 13.7501247589 -8.2463196407
-55.6858342355 13.7761586115 -21.6495680865
-55.8910740241 13.7701990433 -34.9343448416
-56.121916024 13.7165421782 -48.1800540764
-56.3686286244 13.5954233592 -61.218908353
-56.5784471435 13.410807258 -74.0829492106
-56.6622870237 13.2592243249 -86.676844545
-56.65825846 13.1780879726 -99.2912405222
-56.6190184952 13.14724728 -112.118632191
-56.5702313416 13.151095827 -124.931353632
-56.5223077637 13.1735651578 -137.81752485
-56.4742417953 13.1906993725 -150.515471703
-56.4228695434 13.2043644612 -163.19807101
-56.3675652147 13.2187743413 -175.929977467
-56.3099175681 13.2367632014 171.434690605
-56.2506320977 13.2608466258 158.622317554
-56.1930869418 13.2920493091 145.741287311
-56.1411045099 13.3300300266 132.922362593
-56.0969784731 13.3744953197 119.952148079
-56.0641849799 13.4229157704 107.088881756
-56.0439941112 13.4746466539 93.9574732471
-56.0387976442 13.5258906 80.9327150202
-56.0496931399 13.5748197666 67.8152888095
-56.0771411421 13.6189953699 54.7594614901
-56.1216068578 13.6596682821 41.5979144291
-56.1852498611 13.7010163902 28.3223160724
-56.2718354031 13.7457375512 15.2077348194
-56.3900835119 13.7927462371 1.86491559845
-56.5407113184 13.8317742067 -11.4667150797
-56.7197616678 13.849901218 -24.645875174
-56.9258276709 13.8339571478 -37.8211637358
-57.1550519353 13.7677586013 -50.8771881214
-57.3970583896 13.630297425 -63.8513962721
-57.5793970048 13.4451264142 -76.5276629749
-57.6372882333 13.3088334032 -89.1084315918
-57.6218583171 13.2399669791 -101.738413824
-57.5791855097 13.2171943692 -114.430854023
-57.5304940992 13.2256758646 -127.058531337
-57.4832540708 13.2480171672 -139.747307621
-57.4343748792 13.2644972702 -152.493925598
-57.382164871 13.2783368278 -165.212060325
-57.3261046056 13.2935791877 -178.008623749
-57.2675821176 13.3129968437 169.188949551
-57.2086004753 13.3385838511 156.343557912
-57.1524259599 13.3710441454 143.521595095
-57.1019084324 13.4103887378 130.636967719
-57.0602448064 13.4553927304 117.737420636
-57.0296937384 13.5047053831 104.721366496
-57.0125482663 13.5558480481 91.6951573001
-57.0103531779 13.6066747676 78.5937862074
-57.0243498322 13.6543546627 65.4945149096
-57.0549776967 13.6973484189 52.3754548495
-57.1028837608 13.7373001148 39.1184039117
-57.1701267405 13.7782311948 25.840262257
-57.2615367948 13.8225460891 12.6426853845
-57.3845173149 13.8673705126 -0.733230693175
-57.5385259151 13.9017592413 -14.0450652908
-57.7209072039 13.9130051922 -27.2945643095
-57.9290692465 13.8873579494 -40.4897247354
-58.1594288527 13.8074162926 -53.5607865299
-58.3920814518 13.6556610809 -66.3711242845
-58.5464181729 13.472732908 -79.0933549981
-58.5807176945 13.3529190383 -91.7082520642
-58.5559531064 13.2960836773 -104.27664229
-58.5105791563 13.2808102759 -116.890926225
-58.4612291072 13.2941683825 -129.643334092
-58.4139292846 13.3157140525 -142.300585173
-58.3645315768 13.3313922983 -154.987855172
-58.3113982246 13.3455380158 -167.741270071
-58.2549900695 13.3616616959 179.498089352
-58.196356209 13.3824861012 166.675274632
-58.1383595442 13.4094415607 153.909244085
-58.0834353333 13.4433816647 141.072883152
-58.034634545 13.4841231895 128.119907589
-57.9954732641 13.5298943119 115.21921224
-57.9678715313 13.5793002362 102.244164459
-57.9538319067 13.629872438 89.2931296492
-57.9547159079 13.6795279062 76.2818218313
-57.9718403046 13.7260861627 63.143996643
-58.0052908324 13.7675497194 50.0739530998
-58.0557604855 13.8063560215 36.8935112886
-58.1263010418 13.8468624086 23.5974815968
-58.2214353054 13.8902811609 10.3874340636
-58.3468071208 13.9323249069 -2.88951326751
-58.5032171813 13.9623948063 -16.2082462319
-58.6871017733 13.9674432543 -29.4733989444
-58.8946381764 13.9337148467 -42.5874519517
-59.1239950971 13.8425948415 -55.6285320256
-59.3479643769 13.6789868403 -68.4404693559
-59.4762560229 13.5037251272 -81.0720417248
-59.4947363855 13.3969523032 -93.6257736085
-59.4640226754 13.3482917571 -106.198450767
-59.4165638718 13.3383137152 -118.884351849
-59.3676374137 13.3548150046 -131.535900557
-59.3200558831 13.3754389617 -144.191378448
-59.2702605795 13.3907429261 -156.833329277
-59.2166884119 13.4052673498 -169.572002608
-59.1603404231 13.4221266078 177.734977331
-59.1021518816 13.4439036589 164.975280084
-59.0443090851 13.4722337267 152.098806466
-58.9902893106 13.507426613 139.193169175
-58.9431715392 13.5489936558 126.238236409
-58.9058113942 13.5955664683 113.242769242
-58.8805221353 13.6451589103 100.232565785
-58.8689949698 13.6957257865 87.1828993736
-58.8726773804 13.7446939401 74.1217648338
-58.8926206695 13.7899774559 60.9866377974
-58.9288588159 13.8302646699 47.8816562012
-58.9824724858 13.8684946702 34.6106634529
-59.0561790028 13.9084438292 21.332344718
-59.1550399946 13.9507791093 8.10285464417
-59.283351321 13.989987401 -5.1447398578
-59.4403372739 14.0152326613 -18.3323842781
-59.6230445172 14.0141944759 -31.4522526094
-59.8314502671 13.9722981183 -44.6058235161
-60.05787202 13.8708002149 -57.5365912997
-60.2708985845 13.6976191031 -70.3658435914
-60.3750955709 13.5317427969 -82.965837735
-60.3804507545 13.4361781154 -95.5922702721
-60.3447500368 13.3952573261 -108.16873182
-60.2958086721 13.3903669602 -120.887491032
-60.2468037018 13.4095964951 -133.608418072
-60.198754412 13.4291404159 -146.285000839
-60.1478887736 13.4443484224 -159.038362082
-60.0934470869 13.4594344386 -171.849099882
-60.0365171562 13.4774234951 175.382973843
-59.9784445848 13.5005952942 162.595832028
-59.9219575364 13.5300944951 149.827927221
-59.8692920435 13.5666157877 136.889335374
-59.8245511564 13.6087283815 124.042313671
-59.7896852796 13.6555138729 111.110221873
-59.766910614 13.7051536962 98.0831795929
-59.7580893533 13.7553091036 85.017192603
-59.7645795147 13.803311475 71.9583848906
-59.7873904095 13.8474103569 58.7838054378
-59.8262736631 13.8864146934 45.6868524809
-59.8819325283 13.9234767174 32.5521020212
-59.9581541095 13.9626570125 19.3262726047
-60.060613143 14.0038980941 6.01949363732
-60.1920021194 14.0403493012 -7.27301914845
-60.3506113117 14.0609584086 -20.4504513749
-60.5342128479 14.0535618806 -33.5678323238
-60.7409290629 14.0035584235 -46.5975164326
-60.9673546332 13.8892172643 -59.6127069658
-61.1646445002 13.7092021128 -72.3998946653
-61.2449883306 13.5543692273 -85.0744655774
-61.2382550342 13.4705517714 -97.7591332817
-61.1981621073 13.4373777912 -110.354375425
-61.148463536 13.4376131052 -123.019626301
-61.0998181476 13.4586596293 -135.711394301
-61.0510008119 13.4773998265 -148.477884025
-60.9993855259 13.4925894879 -161.265657223
-60.9446088969 13.5082506307 -174.047966882
-60.8872316648 13.5274116304 173.112588334
-60.8292066823 13.5520598969 160.25198783
-60.7733893465 13.583113562 147.40773285
-60.7226659079 13.6206227917 134.544104627
-60.6796810691 13.6640075553 121.571347977
-60.6473354424 13.7114070633 108.591104271
-60.6274605027 13.7611466665 95.5180699135
-60.6218209937 13.8106080396 82.4732256511
-60.6316658772 13.8577385035 69.3377697382
-60.6577423139 13.9002488857 56.1857942451
-60.6997679434 13.9379666122 43.0760788649
-60.7590500755 13.9745295956 29.8675593325
-60.8391640342 14.0131353043 16.6437664683
-60.9454681937 14.0526527999 3.37965193644
-61.0804160555 14.0855388937 -9.90985086194
-61.2423651253 14.1004341465 -23.1485727118
-61.4307621236 14.0842716221 -36.4611967178
-61.6405944575 14.0211038922 -49.5754698122
-61.8628102639 13.8899412993 -62.4826960395
-62.0340881966 13.7069767724 -75.1472444181
-62.0862445789 13.5704755682 -87.6917186756
-62.0680604743 13.5001893094 -100.325086568
-62.0238554852 13.475277177 -112.994508009
-61.9735159142 13.4812462096 -125.678913021
-61.9249515227 13.5034980437 -138.424428817
-61.8757672036 13.5211145982 -151.136595971
-61.8234753247 13.53634903 -163.919634669
-61.7683499503 13.5527592952 -176.674774998
-61.7112561495 13.5730435992 170.562590085
-61.6543133633 13.5988595432 157.827390544
-61.5998484045 13.6311447483 145.030544782
-61.5507613411 13.6698630783 132.137022607
-61.5101192156 13.7138977764 119.193297684
-61.4802943183 13.7617072374 106.176460667
-61.4632951576 13.8111648925 93.128002337
-61.460670347 13.8603451297 79.967292762
-61.4735475816 13.9059379318 66.9291953945
-61.5025803184 13.9469632687 53.7866286821
-61.5477153953 13.9837027885 40.6003331074
-61.6104658008 14.0198112367 27.3208554281
-61.6941705967 14.0576800006 14.1076739011
-61.8042894511 14.0953357647 0.833803019866
-61.9414081643 14.1242756646 -12.3723873059
-62.1055954787 14.1334201588 -25.6351143865
-62.2923643205 14.1097928721 -38.7451562932
-62.5019266607 14.0361707394 -51.8196388003
-62.719083406 13.8915050739 -64.7067563279
-62.8669269404 13.7096864067 -77.4034016288
-62.898773296 13.5876318545 -89.9940588578
-62.8722064191 13.5279976994 -102.661400135
-62.8255871369 13.5100704552 -115.275525605
-62.7749500253 13.520637232 -128.004721783
-62.7263827794 13.5429378692 -140.772741356
-62.6761902783 13.5601114492 -153.612144959
-62.623679381 13.5754930972 -166.309631984
-62.567971046 13.5928299479 -179.12435472
-62.5106521554 13.6144846355 168.043467761
-62.4538075588 13.6420331527 155.176399047
-62.4008237022 13.6756483838 142.407894011
-62.3534598336 13.7157631931 129.434085489
-62.31558201 13.7602420888 116.572581461
-62.2887241687 13.8079921736 103.629237182
-62.2747289765 13.857168036 90.5750899917
-62.275193283 13.9049658884 77.5652938625
-62.2911429038 13.9493982775 64.4995010339
-62.3231407277 13.9889768522 51.3488500582
-62.3712581575 14.0247049119 38.1220831374
-62.4372206835 14.0602161674 24.8210599101
-62.5251921749 14.0974946427 11.5127207897
-62.6388543586 14.1329087349 -1.74978069091
-62.7792262137 14.1577524607 -14.9826603084
-62.9429755013 14.1607513384 -28.0608869577
-63.1333503383 14.128184631 -41.3331432456
-63.3426535933 14.0420590093 -54.356425504
-63.5520336644 13.8824502528 -67.2676818166
-63.6706556634 13.7087596741 -79.8857233573
-63.6839720499 13.6025400087 -92.4521648788
-63.6505014865 13.5532454628 -105.112799239
-63.6018420857 13.5419772515 -117.739387276
-63.5519265377 13.5566805494 -130.337654953
-63.5036627505 13.5781009313 -143.00259612
-63.4534215272 13.5947000551 -155.728368617
-63.4000563767 13.6105438304 -168.520539872
-63.3444283759 13.6286439333 178.729583211
-63.2875467193 13.6513361733 165.9487449
-63.2315269388 13.6800343402 153.102676114
-63.1795424941 13.7149186826 140.266042485
-63.1342452796 13.7555937366 127.3766553
-63.0984069868 13.8005707011 114.497915003
-63.0738817195 13.8483740688 101.548719452
-63.0624556806 13.8964949894 88.6767237678
-63.0654591777 13.9441947676 75.4673192575
-63.0841977862 13.9876896122 62.3153249658
-63.1185522201 14.0257230632 49.2335436269
-63.1691463535 14.0605210441 35.9863313885
-63.2373590445 14.095239001 22.750856123
-63.3276238195 14.1313214799 9.49734620825
-63.4434031051 14.1644854637 -3.74609133846
-63.5852908166 14.1856447555 -16.9782619189
-63.751583174 14.1833034393 -30.1895949953
-63.9408626627 14.1435038112 -43.3518639979
-64.1487425637 14.0470756109 -56.3255263519
-64.3463840355 13.8794183491 -69.1108028217
-64.4427171638 13.7149278246 -81.6758439513
-64.4441369184 13.619396336 -94.3112353609
-64.4063391287 13.5775098043 -106.945607891
-64.3563780224 13.5709548043 -119.614430471
-64.3061179986 13.5887733785 -132.37807377
-64.2578151875 13.6092304469 -145.000027214
-64.207470044 13.6255848871 -157.649048701
-64.1532924398 13.6420153249 -170.551992615
-64.0976131371 13.6609657435 176.708662925
-64.0410785556 13.6847368888 163.936805148
-63.9861647877 13.7143843783 151.161329482
-63.9351379969 13.7504983524 138.234677323
-63.8916912216 13.7918039912 125.370996849
-63.8578067333 13.8373174937 112.439464725
-63.8354734406 13.8855080586 99.373712131
-63.8265906543 13.9339705837 86.2825546146
-63.832519763 13.9804967684 73.1270076289
-63.8540674265 14.0225273245 60.0099121663
-63.8912283223 14.0593172063 46.8828125428
-63.9445579544 14.0932157625 33.615237121
-64.015666215 14.1272738981 20.3863372661
-64.1091129534 14.1621781988 7.13158345084
-64.2276121994 14.1927360373 -6.09933159611
-64.3723251376 14.2096102473 -19.3940703763
-64.5408987214 14.2007210666 -32.6757375537
-64.7290597446 14.1523079344 -45.6966172222
-64.9346200461 14.0437788323 -58.5751294313
-65.1188721993 13.8660008612 -71.4770331007
-65.1893666107 13.7142195872 -84.1091211162
-65.1782236087 13.6323164348 -96.7162990532
-65.1363137221 13.5989683289 -109.28784661
-65.0855531485 13.5978812632 -121.936815513
-65.0359275023 13.6181560256 -134.649162977
-64.9878131453 13.6374742167 -147.147091431
-64.9358865158 13.6540758236 -160.068638907
-64.8817722717 13.6709451568 -172.86812307
-64.825813989 13.6909835843 174.34129337
-64.7696207995 13.716037226 161.552292622
-64.715385387 13.7471651915 148.697529817
-64.6662030592 13.7842255469 135.831187804
-64.6246136886 13.8265691152 122.890241609
-64.5932964134 13.8723461941 109.987887297
-64.5738024974 13.9201021539 97.0121493625
-64.5677274889 13.9678098801 83.9738147447
-64.5762877451 14.0127054099 70.9964324131
-64.6003824942 14.0533867037 57.8936707833
-64.6400815032 14.0890300519 44.7217251455
-64.6955884889 14.1219518494 31.4952880719
-64.7694049807 14.1553706716 18.2379340283
-64.8653135998 14.1888663506 5.00992892264
-64.9867021245 14.2168867553 -8.2911186266
-65.1319918698 14.2294185947 -21.503068577
-65.3004392407 14.2147678027 -34.7129687076
-65.4902607339 14.1576097002 -47.8213342648
-65.6943770012 14.0362034265 -60.7291732431
-65.858641023 13.8570498914 -73.413516656
-65.9091113377 13.7182975705 -85.9781556159
-65.8897642292 13.6461111047 -98.5780532475
-65.8439446124 13.6185812899 -111.442917877
-65.7924661334 13.6222324018 -124.163752477
-65.7432457697 13.6439783649 -136.871244371
-65.6940834219 13.6627938106 -149.551830908
-65.6425870169 13.6791926488 -162.255724324
-65.587886516 13.6968093365 -175.130241174
-65.532120152 13.7178364817 172.110009758
-65.4757599043 13.7444500004 159.159340966
-65.4229133828 13.7766399183 146.369926273
-65.3751907384 13.8148766377 133.447547928
-65.3360648685 13.8574776524 120.627563719
-65.3069095547 13.9038592961 107.621990693
-65.2900518558 13.9515023426 94.6233416604
-65.2868096886 13.9985372862 81.5876727882
-65.2983036906 14.0424279998 68.5757024201
-65.3253898208 14.0817838864 55.4287827264
-65.3676747426 14.1160021428 42.2928604606
-65.4256707838 14.1479944964 29.102921186
-65.5022443386 14.1805984069 15.8691433278
-65.6014918473 14.2126387226 2.5954765094
-65.7259891332 14.2376174595 -10.7574571554
-65.8743488021 14.2451440088 -24.0709043557
-66.0437636129 14.2231776506 -37.2481171814
-66.2347808913 14.155041401 -50.3745455892
-66.4341475371 14.0194394701 -63.1973262332
-66.5748826783 13.8403022761 -75.8744211574
-66.6037358035 13.7168245021 -88.5451326901
-66.5753844904 13.6563753509 -101.208206219
-66.5278565742 13.6368470917 -113.796294248
-66.4765791582 13.6450968303 -126.443060196
-66.4283295305 13.6671922952 -138.970436981
-66.376536388 13.6862181703 -152.226923748
-66.3243713323 13.7028162149 -164.965909567
-66.2698662417 13.7210941463 -177.731213415
-66.2139958234 13.7433869655 169.458790399
-66.1587247871 13.7711602255 156.60087063
-66.1066699694 13.804984932 143.679783472
-66.0609081606 13.8442727099 130.760466418
-66.0239648658 13.887845383 117.85155684
-65.9977481124 13.9342370364 104.900323878
-65.9839181965 13.9815805503 91.9036584642
-65.9838597484 14.0277692646 78.8772146361
-65.9986896192 14.0705164121 65.8150899918
-66.029044931 14.1082933482 52.6542484048
-66.0742747252 14.1411357813 39.5351185212
-66.1353142525 14.1723365576 26.3531745362
-66.2155857316 14.2042092615 13.0846877791
-66.3180254674 14.2342636089 -0.142785292556
-66.4441485555 14.2554158552 -13.3623311009
-66.5937746121 14.2574599128 -26.6191043859
-66.7651830852 14.2275603752 -39.8322379144
-66.9552214553 14.1484319769 -52.8390507943
-67.1496801992 13.9971093268 -65.7521690534
-67.2632726538 13.8238737928 -78.4299302611
-67.2736457258 13.7172298344 -91.0008337569
-67.2387374067 13.6670621797 -103.645864489
-67.1889825888 13.6540886534 -116.32322832
-67.1379133961 13.6669393879 -128.981215561
-67.0888764298 13.6892072374 -141.744853912
-67.0387586898 13.7069550978 -154.467585692
-66.9856526016 13.724080121 -167.345601041
-66.9313296936 13.7430605367 179.965964987
-66.8758213926 13.7664222827 167.181402735
-66.8213407822 13.7953578019 154.331968648
-66.7709879428 13.8299318401 141.519429049
-66.7271964068 13.8697309444 128.681039339
-66.6922907043 13.9136567906 115.786640091
-66.6682657923 13.9601426535 102.814269611
-66.656859816 14.0067403995 89.9240888326
-66.6596040518 14.0540855759 76.3249738363
-66.6775713326 14.095641176 63.2172111506
-66.7108207241 14.131818448 50.0763205109
-66.758921987 14.1635563317 36.9217691848
-66.822964501 14.1940586176 23.7209025965
-66.906688398 14.2250331746 10.4248824332
-67.0129902392 14.2530756147 -2.87987157507
-67.1425470542 14.2702834379 -16.1617030955
-67.2928312775 14.2662572309 -29.3013540454
-67.4640615179 14.2281558381 -42.3969165662
-67.6547153452 14.1360932071 -55.4142759815
-67.8374731327 13.9729636193 -68.2209733402
-67.9238692537 13.8112239663 -80.8103492508
-67.9199518138 13.7183099834 -93.4453680377
-67.8799347436 13.677349177 -106.081845826
-67.8287577219 13.670413384 -118.797558992
-67.7782932338 13.6871277896 -131.428686409
-67.7292163525 13.708539861 -144.180938052
-67.6783682607 13.7261172249 -156.984076239
-67.6257289686 13.743392709 -169.663411995
-67.5709870049 13.7633805851 177.567010071
-67.5155966415 13.7879913586 164.732443083
-67.4623099841 13.8179716876 151.956009605
-67.4134613779 13.8535424937 139.164068176
-67.3715321519 13.8941511661 126.314998916
-67.3389241666 13.9384067777 113.438190854
-67.3173765773 13.9849196874 100.449321054
-67.3085939273 14.0317202963 87.3730005032
-67.3139656373 14.0764333627 74.2685168366
-67.3344535276 14.1168914592 61.1243435405
-67.3697410608 14.1515513289 48.0667383979
-67.4204153733 14.182570343 34.7888222412
-67.486963832 14.2124365416 21.5479702464
-67.5726501449 14.2421650931 8.32079557007
-67.681243424 14.2681197606 -5.00714933221
-67.8123876431 14.2817894129 -18.2942687713
-67.9634375795 14.2726686875 -31.4248414685
-68.1355076568 14.2270754189 -44.5398366276
-68.325865461 14.123212551 -57.5787346971
-68.49473756 13.952794736 -70.2992925385
-68.55892511 13.8021315955 -82.9714724271
-68.5443123422 13.7210587606 -95.6244991392
-68.5006052267 13.6876057925 -108.270082033
-68.4488816115 13.6856618485 -120.946257402
-68.3986562646 13.705141924 -133.64562784
-68.349707845 13.7255814213 -146.318199641
-68.2994212833 13.7428042493 -158.899892486
-68.2463058231 13.7606547487 -171.646043599
-68.1918638564 13.7813595955 175.645394815
-68.1370791412 13.8068427046 162.856915254
-68.0844919165 13.8378658593 150.043592191
-68.0368575417 13.8743133555 137.229520745
-67.9965742069 13.9154957112 124.372729864
-67.9658912763 13.960007213 111.487416421
-67.9464884241 14.006353575 98.5078416286
-67.939946697 14.0523139306 85.5324137254
-67.9473634655 14.0957097541 72.5706433746
-67.9696735714 14.1348586846 59.5037406565
-68.0070110209 14.1686538442 46.351551414
-68.0591222619 14.1986645246 33.1310779558
-68.1275946564 14.2278922459 19.8392407274
-68.21513784 14.2565460698 6.585775561
-68.3243733379 14.2803444434 -6.66493557549
-68.4550348005 14.2909524176 -19.8492953679
-68.6068617308 14.277682484 -33.049320625
-68.7794988117 14.2257253382 -46.2293671648
-68.9670797068 14.11311904 -59.1988666399
-69.1228938344 13.9389191392 -71.900485179
-69.1704298311 13.7999180825 -84.4312818179
-69.1495471605 13.7270054878 -97.0097648091
-69.1037059787 13.6982044709 -109.670593617
-69.051857996 13.699304156 -122.300122684
-69.0019875345 13.7199963771 -134.981923135
-68.9528594516 13.7400353084 -147.662799812
-68.9018699167 13.7575090966 -160.367558235
-68.8485625733 13.7758348616 -173.13553834
-68.7937023453 13.7974552656 174.031280244
-68.7391304754 13.8239027494 161.18745026
-68.6870694158 13.8559778823 148.290988963
-68.6405870028 13.8932251593 135.443875042
-68.6019417236 13.9348100122 122.601347227
-68.5730145953 13.9795713485 109.683590947
-68.5556080138 14.0257146952 96.7062819175
-68.5511536941 14.0712332197 83.7045963019
-68.5608129259 14.1139906754 70.6648351993
-68.5855774469 14.1522333215 57.4910606511
-68.6250889292 14.184835213 44.3213737632
-68.6794092837 14.21403338 31.0552866078
-68.7497082711 14.24237052 17.8181043704
-68.8395998474 14.26982955 4.53162826329
-68.95058467 14.2912694699 -8.71610222513
-69.0824299877 14.2981871769 -21.9041413801
-69.2348738236 14.2795943424 -35.1024089816
-69.4071587523 14.2199703193 -48.2340921057
-69.5914505823 14.0965040172 -61.1356534737
-69.7299273305 13.9208223756 -73.8128391431
-69.7602475577 13.7943080213 -86.3548403122
-69.7325042568 13.7305166316 -98.9512725224
-69.6842507354 13.7075267041 -111.66825246
-69.6321380412 13.7126984661 -124.327411475
-69.5828650348 13.7345509487 -136.960508994
-69.5333952603 13.7540796927 -149.669952374
-69.482520634 13.7715585353 -162.278242515
-69.4288079998 13.7905725339 -175.116269014
-69.3747388878 13.8127784629 172.200615479
-69.3209535717 13.8400048993 159.419018997
-69.2698615996 13.8729023583 146.530683683
-69.2245284725 13.9109645512 133.633630395
-69.1874333063 13.9530790428 120.755163999
-69.1603263512 13.9980833374 107.794832674
-69.1450024139 14.0439339635 94.8312289051
-69.1427063878 14.0889358497 81.8086585672
-69.1546024909 14.1307563028 68.7628408756
-69.1813318643 14.1675760183 55.6705229196
-69.2228922986 14.1991621514 42.4522914952
-69.278508916 14.2272986275 29.2901939468
-69.3501853059 14.2547294697 16.105503138
-69.4419386875 14.2809254953 2.77274437741
-69.5540296708 14.3000880417 -10.4668239472
-69.6867732491 14.3036181589 -23.6848120638
-69.8389487696 14.2802973641 -36.8413462819
-70.0111552865 14.2134395464 -49.9864536236
-70.1917961889 14.0797795199 -62.8762654946
-70.3125430153 13.9060707057 -75.5152106473
-70.3289684023 13.7897017988 -88.2321211617
-70.2955689751 13.7340391721 -100.869928643
-70.2459222981 13.7164545501 -113.520641015
-70.1936651597 13.725208497 -126.233484671
-70.144411714 13.7477544411 -138.935637073
-70.0944125767 13.766970622 -151.719810695
-70.0425304287 13.7848896988 -164.503727363
-69.988988397 13.8044606411 -177.273981353
-69.9344968841 13.827891405 169.895547016
-69.8810505454 13.8564124767 157.032239437
-69.8313165589 13.8902740021 144.179457659
-69.7878193465 13.9290060825 131.328601284
-69.7525985751 13.9718243548 118.382794656
-69.7278478323 14.0169372647 105.418622681
-69.7150776339 14.0623773246 92.4838422894
-69.7154063636 14.1065351162 79.4961754058
-69.730219376 14.1476666088 66.2984649803
-69.7599703195 14.1832626664 53.1068172619
-69.8041527843 14.2135049475 39.8848763382
-69.8623185558 14.2407558618 26.7181750939
-69.936879972 14.2673636792 13.5088567724
-70.0313007369 14.2918741694 0.200528003074
-70.1465092074 14.3079902757 -13.117495283
-70.2820492408 14.3064219242 -26.4228769682
-70.4357717606 14.2754444771 -39.5771654224
-70.6073657314 14.1974801127 -52.5971943245
-70.7810462215 14.0495478344 -65.4301698811
-70.8760434723 13.8820959562 -78.1313125062
-70.8761410212 13.7829198847 -90.6437362912
-70.8375525688 13.736824972 -103.202130887
-70.7863162868 13.7251610087 -115.894224358
-70.734436836 13.738026136 -128.604431578
-70.6851467471 13.7606517291 -141.365678834
-70.6352041906 13.7793568423 -154.062138845
-70.583394494 13.7974908123 -166.763451823
-70.52965908 13.8178789482 -179.568679516
-70.4757952198 13.8421608807 167.680469026
-70.4229875019 13.8718105437 154.787666515
-70.3744609373 13.9066676241 141.92113077
-70.3326893438 13.9460883621 129.079747782
-70.2995670493 13.9891949841 116.161526788
-70.2769947104 14.0344984779 103.143507308
-70.2666271675 14.0799920967 90.0830746764
-70.2697509893 14.1237224056 76.9707563057
-70.2872121192 14.1631432224 63.9222237822
-70.3196743012 14.1973776772 50.6925816845
-70.3663179658 14.2264181851 37.4456203075
-70.4268402945 14.2527989618 24.2765582167
-70.5037268863 14.2783434279 11.0926618464
-70.5983426172 14.3005449787 -1.94904365011
-70.7130617859 14.3135516946 -15.0607312712
-70.8518143481 14.3075310415 -28.6092202746
-71.0104789946 14.2684060279 -42.1098322461
-71.1829365423 14.1779119462 -55.1738784722
-71.344791614 14.0192160701 -67.8624277981
-71.4148001998 13.8645356193 -80.3583312156
-71.402886034 13.7764209159 -93.11128558
-71.3600490739 13.7388053962 -105.662324589
-71.3071946105 13.7328927491 -118.512768086
-71.2558620872 13.7498023078 -131.251181499
-71.2066618231 13.7717785988 -143.997129047
-71.1567450822 13.7901416452 -156.609521504
-71.1042251952 13.8088555862 -169.417541761
-71.050571294 13.8300890916 177.8021779
-70.9971867104 13.8554758727 165.070026187
-70.9457878236 13.886006666 152.296052711
-70.8985249422 13.9220211422 139.375046435
-70.8586458314 13.9622212672 126.518433612
-70.8275920702 14.0061174299 113.477307419
-70.8076158751 14.0516658433 100.374223256
-70.8002047557 14.0968562914 87.2548469418
-70.8063738066 14.1391786592 74.2647691566
-70.8275503225 14.1780247328 60.9036800771
-70.8625781957 14.2100673485 47.8810866448
-70.9123115868 14.2380217299 34.5567468055
-70.9759591984 14.2636753655 21.3463931076
-71.0578450717 14.2886397314 7.89854216474
-71.15860055 14.3089418312 -5.46602923576
-71.2777581612 14.317379833 -18.668210607
-71.4150992334 14.3045289104 -31.8023282544
-71.5722068394 14.2563766232 -44.9927760284
-71.7455764779 14.1498566862 -58.1035315447
-71.8903447684 13.9812343337 -70.7642441594
-71.9328582454 13.8434504902 -83.2880821581
-71.9094375711 13.7711735055 -95.8823796563
-71.862277894 13.7421317966 -108.599208758
-71.809349021 13.7423776488 -121.33730093
-71.7588311366 13.7625659794 -134.06630119
-71.7097330967 13.7833794873 -146.736914534
-71.6589246153 13.8018308449 -159.481143669
-71.6064029893 13.8210451356 -172.233027574
-71.5535008373 13.8429859985 175.150306626
-71.5002095652 13.8697781072 162.314225782
-71.4491300652 13.9020805638 149.332365859
-71.4041252966 13.9387683432 136.556345306
-71.3662146199 13.9799726862 123.615313236
-71.3379351082 14.0239540859 110.642500806
-71.3209549192 14.0688220322 97.6917662996
-71.3164225133 14.1129752913 84.7055853226
-71.3254753785 14.1543293427 71.6917350864
-71.3489598679 14.1910099606 58.6039256155
-71.3868686551 14.2220382833 45.4239025279
-71.4382752114 14.2486314652 32.2515148901
-71.5036156725 14.2732919807 19.1282304413
-71.5867198608 14.2968327084 5.81713429287
-71.6879176497 14.3148964008 -7.39848123749
-71.8082312195 14.3202243393 -20.618770842
-71.947365665 14.3025472224 -33.862140737
-72.1027436492 14.2480806899 -46.8818334825
-72.2737100983 14.1313585162 -59.9536029818
-72.4034237087 13.9600129066 -72.6207524877
-72.4296818483 13.833490077 -85.2558783872
-72.4000743716 13.77070512 -97.7502204961
-72.3512402763 13.7472277644 -110.394322884
-72.2989010256 13.7509283071 -122.960880579
-72.2482196726 13.7726465618 -135.834678283
-72.1988246072 13.7930467454 -148.54305931
-72.1479782945 13.8115933813 -161.251799468
-72.0949711061 13.8314447969 -174.102585726
-72.0418159869 13.8543263098 173.183041462
-71.9889530079 13.8820755258 160.323508732
-71.9393164236 13.9149000547 147.470336936
-71.8953436626 13.9524757258 134.613110494
-71.8594941575 13.9935518319 121.835838009
-71.8331135478 14.0373053671 108.952680943
-71.8178796517 14.082178117 95.9349090645
-71.8153325387 14.1262426768 82.8151270242
-71.8265436915 14.1667548445 69.7830295177
-71.8528534236 14.2029808942 56.4059215505
-71.8932012359 14.232858361 43.157384319
-71.9473219238 14.2587429665 29.8437547741
-72.0156305436 14.2828220785 16.6046561064
-72.1013397932 14.3050343181 3.28320154051
-72.2052133552 14.3206059234 -9.98380320454
-72.3271733532 14.321764881 -23.1898135428
-72.4665093472 14.2981326353 -36.3251662767
-72.6235855457 14.2338554039 -49.4091577849
-72.7906263987 14.1031496193 -62.40245445
-72.8982406524 13.9335719143 -75.0245742818
-72.9071260098 13.8223328319 -87.6452112862
-72.8710739355 13.7691818367 -100.215759639
-72.8204166458 13.7522290014 -112.853562527
-72.7676773674 13.7605815975 -125.558751431
-72.7182982386 13.7831094347 -138.22982688
-72.6685095619 13.8030562892 -150.982706346
-72.6171396319 13.8218330625 -163.747619613
-72.5645251059 13.8421987629 -176.486294245
-72.5112872319 13.8661859038 170.724483377
-72.4589822231 13.8951330127 157.828853636
-72.4103264866 13.9291809785 144.908221014
-72.3681435984 13.967524599 132.070261224
-72.3341366908 14.0094571753 119.183367592
-72.3100561477 14.0537552104 106.175537225
-72.2976307167 14.0983987206 93.1332555241
-72.2981026532 14.1415947785 80.0398874478
-72.3125376348 14.181105917 66.9204466099
-72.3415076249 14.2152280219 53.7319242491
-72.3843722669 14.2436047685 40.5124652077
-72.4403130475 14.2682576578 27.3296471691
-72.5113612978 14.291547652 14.0315995148
-72.5997686354 14.3122520869 0.684654771764
-72.7057705266 14.3249871299 -12.5718807879
-72.8298101897 14.3216333958 -25.8187079255
-72.9702328909 14.2912694398 -38.9238259893
-73.1285522388 14.2158530199 -52.034313487
-73.2886627574 14.0712349706 -64.9416662122
-73.37168864 13.9085181305 -77.5777660633
-73.3655921567 13.8123234519 -90.2239137648
-73.3244536172 13.7686662107 -102.779962782
-73.2722616503 13.7578931085 -115.475295526
-73.2200324576 13.7706184578 -128.172162803
-73.1710005088 13.7933446755 -140.830379647
-73.1214129391 13.812727458 -153.47070987
-73.0700424092 13.8317158451 -166.176686669
-73.0171101912 13.8529022895 -178.981397673
-72.9641701595 13.8778948727 168.227545416
-72.9131874583 13.9075649431 155.470583391
-72.8658713669 13.942474137 142.573632735
-72.8251925973 13.9816896566 129.67751796
-72.79328819 14.0239202113 116.816855678
-72.7714821491 14.0682534453 103.800326343
-72.7614750536 14.1130234499 90.6070771972
-72.7646930729 14.1553899259 77.5158830077
-72.7819224707 14.1936297001 64.4072097054
-72.8137350331 14.2263799437 51.1624092892
-72.8586264886 14.2532362307 38.0492080761
-72.9179139942 14.2773715677 24.6332821323
-72.9910589158 14.299544298 11.416885575
-73.0819370084 14.3184904483 -1.93103928389
-73.1901739737 14.3281305262 -15.2004274298
-73.3155374536 14.3199526899 -28.4183776773
-73.4583199701 14.2818795954 -41.6171940831
-73.6172684739 14.1939189926 -54.7179646436
-73.7667594736 14.0363434611 -67.5781733277
-73.8241841736 13.8865690642 -80.1546367053
-73.8060539419 13.8042003659 -92.8336757902
-73.7606419431 13.7690094172 -105.470466629
-73.7079267864 13.764120285 -118.097362349
-73.655852503 13.78104665 -130.937642956
-73.6067970856 13.8032352981 -143.618014146
-73.5565255606 13.8225226808 -156.360414955
-73.504055304 13.8422954395 -169.276389585
-73.4508067635 13.8646133263 177.837565052
-73.3986617628 13.8907013699 165.126668203
-73.3486511164 13.9217222734 152.347263008
-73.3029216279 13.957878531 139.417256323
-73.2643765122 13.998082176 126.475909116
-73.2351008656 14.0408611997 113.577507846
-73.2163385067 14.0852380364 100.531807315
-73.2097063511 14.1287496192 87.5521286895
-73.2162527723 14.1701322035 74.4372113475
-73.237019405 14.2069905616 61.266325923
-73.2715941034 14.2376043934 48.1845421251
-73.3197942283 14.2633431771 34.9346915847
-73.3813470076 14.2863044177 21.6473820258
-73.4569729574 14.3072560093 8.49794234562
-73.5505513858 14.3240723218 -4.84241852999
-73.6622732623 14.3299987972 -18.2343823132
-73.7893924552 14.3158970972 -31.4230161414
-73.9321862496 14.2693354305 -44.4660419311
-74.0887379131 14.1687952135 -57.3711858181
-74.2233407535 14.0015190867 -70.2567230191
-74.2570588163 13.8669576872 -82.8781671711
-74.2294820145 13.7981058491 -95.4597352988
-74.1813424206 13.7707868126 -108.033675239
-74.1278640023 13.7711651093 -120.763036016
-74.0772414334 13.790926055 -133.434601811
-74.0281007207 13.8123522034 -146.113066982
-73.9776721009 13.8315553434 -158.831360584
-73.9259964797 13.8514509965 -171.519699248
-73.8734191094 13.8743003854 175.730078144
-73.8212319795 13.9015746625 162.892170759
-73.7722055445 13.9334773075 150.12804699
-73.7279078318 13.9703531454 137.216311313
-73.6910967334 14.0110498477 124.278657636
-73.6638474946 14.0539194852 111.407549031
-73.6472829993 14.0979662538 98.4100816798
-73.6428869055 14.1412166625 85.356383726
-73.6517852289 14.1815285615 72.2959251199
-73.6747114996 14.2169712839 59.2052610896
-73.7115507942 14.2464702526 46.0555027443
-73.7615753749 14.271141794 32.816109456
-73.8252098747 14.293366225 19.4817118962
-73.9036004485 14.3134347735 6.19611531178
-73.999488712 14.3282858769 -7.20264946029
-74.1117769886 14.3308721393 -20.4887770467
-74.2393334624 14.3120397649 -33.6219909583
-74.3853931541 14.256730064 -46.8908678765
-74.5400762915 14.1432972923 -59.7524196034
-74.6555281606 13.9751781535 -72.4292389611
-74.6720370978 13.8541954951 -85.0845186321
-74.6379603838 13.7948308272 -97.7134620245
-74.5870230494 13.7735229637 -110.491606361
-74.5332096686 13.7786086871 -123.307877032
-74.482792098 13.8005619648 -136.102171399
-74.4328969973 13.8215366898 -148.92974218
-74.3819880456 13.8409024723 -161.697315143
-74.3300084479 13.8615265884 -174.432392626
-74.2772849066 13.8855912625 172.732488148
-74.2262317033 13.9138296365 160.006172211
-74.1781688088 13.9470814988 147.164648283
-74.1363361908 13.984263374 134.463080752
-74.1016275026 14.0255860143 121.506953443
-74.0765192881 14.0693430866 108.42426014
-74.0628042198 14.1133907543 95.3500817915
-74.0616220448 14.1562450478 82.1916930574
-74.0738762129 14.1951407002 69.1758455494
-74.1001879157 14.2289171943 56.0729128446
-74.1402342574 14.2567961629 42.8813897067
-74.1934783845 14.2803742124 29.5555592739
-74.2605534626 14.3017315685 16.1445849939
-74.341412253 14.3201348524 2.97487834499
-74.4402827443 14.332109913 -10.4312785676
-74.5553701187 14.3298817945 -23.7518127142
-74.6859202173 14.3033546747 -36.9572254632
-74.8310229091 14.2371629494 -49.9755808162
-74.9808392961 14.1076108348 -62.7038378566
-75.0712452797 13.941046435 -75.4939149266
-75.0689548571 13.8392795494 -88.0132169871
-75.0286385054 13.7911221315 -100.62751675
-74.9753412112 13.7769863832 -113.567316971
-74.9223486968 13.7872003651 -126.288385569
-74.8727036624 13.8101407785 -139.031722983
-74.8225893329 13.8305694742 -151.858372089
-74.7716444397 13.8500893184 -164.569613025
-74.7191551578 13.8716500107 -177.415787931
-74.6670243532 13.8966390979 169.824743288
-74.6162442068 13.9263942519 156.959950068
-74.5699893506 13.9604751062 144.22769812
-74.529493298 13.9991122357 131.332154161
-74.4972564441 14.0409974908 118.370941606
-74.4750186414 14.0847865924 105.306949202
-74.4644328074 14.1278502103 92.4168656872
-74.4663067432 14.1697155842 79.3097230604
-74.4817375974 14.2074217206 66.2569830887
-74.5104712443 14.2390304191 53.3899684869
-74.5536150525 14.2657467688 40.0403515485
-74.6091268446 14.2881683235 26.7576121631
-74.6782950523 14.3084446698 13.4190378031
-74.7627546968 14.3255006446 0.0800532482506
-74.8632857514 14.3345249971 -13.2304309036
-74.9795265559 14.3277968621 -26.4779926872
-75.1104089251 14.2947647063 -39.5765096454
-75.2583082018 14.2162019767 -52.7653269244
-75.4026016903 14.0689461529 -65.6608596964
-75.4654833491 13.9125894217 -78.486318428
-75.4483303407 13.8264340512 -91.1923404582
-75.4028462372 13.7887975875 -103.855744488
-75.3497064913 13.7817981415 -116.50596439
-75.2976181787 13.7964875788 -129.18287421
-75.2484099767 13.8193383878 -141.882355566
-75.1987007248 13.8391897382 -154.549184023
-75.1471428947 13.8592329033 -167.363268074
-75.0955702748 13.8812122496 -179.992504606
-75.0431878406 13.9075630538 167.087930048
-74.9933607591 13.9383903008 154.237034491
-74.9479784531 13.9739105778 141.341763233
-74.9098691519 14.0128245975 128.597376856
-74.8799504234 14.0549865213 115.664885784
-74.8602278222 14.0987488235 102.597012567
-74.8523134537 14.1413249021 89.7232664272
-74.8570429269 14.1823420382 76.6053848306
-74.8753014101 14.2186215711 63.6006396722
-74.9080577981 14.2496679622 50.278942542
-74.9536665099 14.2746562232 37.0344325801
-75.0115440124 14.2959582536 23.7980808621
-75.0825947352 14.3149999908 10.5915427144
-75.1691491578 14.3302024781 -2.69401654561
-75.2716144572 14.3361137653 -15.979364474
-75.3891813598 14.3245816095 -29.1900553866
-75.5212370685 14.2841780948 -42.2670976574
-75.6676382219 14.1944300467 -55.2812398988
-75.801039703 14.0354701221 -68.1958198879
-75.8409541394 13.8938016566 -80.8794271846
-75.8150493156 13.8200367045 -93.4762448803
-75.766951756 13.7894098731 -106.104986069
-75.7133651589 13.7870235989 -118.768001452
-75.6619084439 13.8048352772 -131.462597864
-75.6125529789 13.8272300979 -144.204399426
-75.5622120593 13.8471473951 -156.982594978
-75.5108167594 13.8674955039 -169.725228638
-75.4579858092 13.8908738894 177.312275693
-75.4064521892 13.9180545878 164.486023212
-75.3575365127 13.9499541114 151.618319168
-75.3136825503 13.9863063603 138.739009951
-75.2771898961 14.0261310823 125.897061472
-75.2493129659 14.0690210517 112.827618853
-75.2323776953 14.11217583 99.9042943781
-75.2271439235 14.1547825288 86.8587023966
-75.2347368636 14.194318827 73.8984169118
-75.2560917539 14.2294615842 60.7970287502
-75.2912040144 14.2585744555 47.6222269685
-75.338767364 14.2821326055 34.470164899
-75.3987485244 14.3025034839 21.2408597182
-75.4723764412 14.3205623014 7.96897573752
-75.5614842115 14.3339022997 -5.37386063331
-75.6654367472 14.336545433 -18.6089067615
-75.7838566695 14.3201235246 -31.7558908777
-75.9184812761 14.2712613976 -44.9635242609
-76.0646383031 14.1674020661 -57.9906292888
-76.1801622632 14.0033293785 -70.7083425706
-76.1998252395 13.8774679566 -83.3357877444
-76.1663998207 13.8146264904 -95.9799143243
-76.1161174517 13.7909016504 -108.592165721
-76.06206158 13.793297658 -121.347281444
-76.0116426386 13.8137381134 -133.982756498
-75.9623594702 13.8353803952 -146.684358155
-75.912025745 13.8552161476 -159.408196641
-75.8606352412 13.8760180397 -172.129690975
-75.8095647031 13.8994118991 175.304757331
-75.7581760407 13.9276174295 162.391436483
-75.7100985089 13.9603819464 149.505723518
-75.6676163615 13.997344305 136.648793804
-75.6327448878 14.0375616878 123.816006678
-75.6068710918 14.0802720682 110.838615669
-75.5918589248 14.1232025545 97.9260044998
-75.5886547537 14.1652829814 84.8927000223
-75.5984455155 14.2042470879 71.844538985
-75.6219314208 14.2381773461 58.7674208034
-75.6591568137 14.266143026 45.5524654553
-75.7089195866 14.288869371 32.2862138782
-75.7708536009 14.3084595824 19.018865083
-75.8461279547 14.3254055487 5.76920895186
-75.9366702786 14.3368802219 -7.55371657383
-76.042305462 14.336525954 -20.8438000307
-76.1619200979 14.3154324738 -34.0137131079
-76.2958234219 14.2598217819 -47.0906943869
-76.4394347734 14.1449239157 -60.0460261893
-76.5385440119 13.9803981295 -72.6782107582
-76.5444685658 13.8670786805 -85.2643916726
-76.5063529156 13.8122339581 -97.8935066332
-76.454694712 13.7934276504 -110.514036564
-76.4012567713 13.799120014 -123.149899075
-76.350807669 13.8210702339 -135.916226775
-76.3012515212 13.842366923 -148.66159499
-76.2506124269 13.8623828613 -161.42468137
-76.1995631587 13.8835263733 -174.059498581
-76.1475433419 13.9082091815 173.087755506
-76.0971611573 13.9370307663 160.28583862
-76.050135396 13.9705239061 147.423472061
-76.008970964 14.008103234 134.562671599
-75.9756654063 14.0487740091 121.702609961
-75.951703535 14.091501241 108.742532069
-75.9386350906 14.1346032156 95.7035621137
-75.9376818285 14.1759583062 82.7176743385
-75.9497692224 14.2139463628 69.6814293997
-75.9757295092 14.2468305494 56.5207875678
-76.0149387075 14.2734149857 43.3406083687
-76.0661514151 14.2949940834 30.1578036483
-76.1294896146 14.3136793792 16.9410651687
-76.2062263159 14.3294888523 3.71189696871
-76.2978650429 14.3390648705 -9.57583649145
-76.4034628565 14.33587422 -22.7485841646
-76.5243348966 14.3103445899 -35.9903383181
-76.6581977821 14.2478600419 -49.0379853995
-76.8004189638 14.119768944 -62.1570122665
-76.8811838378 13.9577985729 -74.8005163322
-76.874402093 13.8570861644 -87.4389401286
-76.8319559044 13.8102211186 -100.092738935
-76.7790419663 13.796607482 -112.753406045
-76.7257816903 13.8060609857 -125.431036872
-76.6758326288 13.8289950102 -138.196070515
-76.6265459891 13.8497446513 -150.838106711
-76.5760373236 13.8698425433 -163.531400689
-76.5245165588 13.8917335817 -176.284196365
-76.4731733078 13.91700631 170.965848636
-76.4229481491 13.9470062981 158.035185082
-76.3777514013 13.9807039456 145.391705377
-76.3376070608 14.0192088375 132.412393272
-76.3058767667 14.0604123317 119.490014595
-76.2838701149 14.1032333151 106.509295403
-76.2730002956 14.1457421538 93.5591797222
-76.2742425229 14.1864930257 80.5678647992
-76.2885640596 14.223420329 67.5617901603
-76.3166969 14.2550436567 54.4097514755
-76.3577348472 14.2803663862 41.2579711242
-76.4108267173 14.3010873565 28.0224564398
-76.4760272429 14.3189810467 14.7655845697
-76.5543947074 14.3335566982 1.5397270898
-76.647228768 14.3410347743 -11.7172036299
-76.7541505386 14.3345626675 -24.9245714455
-76.8751541236 14.3041785098 -38.0944144649
-77.0095003318 14.2333804992 -51.1531969673
-77.1442777074 14.0965838012 -64.0119898215
-77.2077269937 13.9420997888 -76.4771872739
-77.1925437669 13.8512508737 -89.0800540123
-77.1474233803 13.8101726685 -101.717009101
-77.0937074566 13.8002362842 -114.425647146
-77.0406437128 13.8123885281 -127.146485897
-76.9911431819 13.8355509245 -139.861259566
-76.9413558315 13.8562690253 -152.604629464
-76.8905047368 13.8767033872 -165.359907958
-76.8387694201 13.8992458072 -178.179392023
-76.7874756638 13.9253501742 169.010045844
-76.7384082954 13.9557601852 156.217100439
-76.6934368323 13.9907026299 143.353034802
-76.6547916304 14.0296129403 130.408385781
-76.6246688009 14.0711179126 117.470084229
-76.604544368 14.1137873884 104.52361356
-76.5955686658 14.1565466394 91.3900410059
-76.5990700173 14.1967434609 78.3535485145
-76.6159884038 14.232987834 65.2038302046
-76.6463211796 14.2630824026 52.1246358606
-76.6894836841 14.2871998042 38.9402790178
-76.7441267307 14.3068734694 25.7616008944
-76.8113767292 14.3239241732 12.4471401461
-76.8917049866 14.3371259203 -0.813268906383
-76.9859401051 14.3422202632 -14.049637099
-77.0943775505 14.3319624518 -27.2958565024
-77.2164741093 14.2956010252 -40.4756585263
-77.3504773659 14.2151571385 -53.4644009349
-77.4770521209 14.066918685 -66.2922228606
-77.5203375601 13.9210595194 -78.944364399
-77.4953236826 13.8431055841 -91.5426139215
-77.4474038257 13.8097043336 -104.118581386
-77.393340944 13.8046930061 -116.791258148
-77.3409786652 13.8202732119 -129.509500071
-77.2919440352 13.8431950611 -142.151466751
-77.2421962148 13.8636675043 -154.849402677
-77.1910750216 13.8845056951 -167.646374788
-77.1399341417 13.9074758305 179.660189783
-77.0890249784 13.9344039819 166.849189779
-77.0403791004 13.9658936922 153.960360842
-76.9965531398 14.0016367919 141.075690608
-76.9595957753 14.0409543331 128.169880833
-76.9312019371 14.082889489 115.172186786
-76.9131869389 14.1253755333 102.253416044
-76.9064465964 14.167524987 89.1809545421
-76.9122568013 14.2070619351 76.1097300427
-76.9309463927 14.2414267904 63.2687920275
-76.9638369624 14.270773545 49.972185046
-77.0086635696 14.2936727726 36.8360847372
-77.0651717826 14.3125535638 23.6007578565
-77.1342430853 14.3287297036 10.2546020639
-77.2158722385 14.3404605577 -2.96706295528
-77.3111138304 14.3431926296 -16.1673512623
-77.4200381417 14.3293839482 -29.3650419965
-77.5419430358 14.287792282 -42.4607382218
-77.6765158086 14.1972226663 -55.53707228
-77.7921379856 14.0419548012 -68.2572809262
-77.8190323091 13.9081189416 -80.7837333873
-77.7880111163 13.839003977 -93.3633705228
-77.737865662 13.8107393794 -106.031136109
-77.6835411673 13.8094541519 -118.722204298
-77.63220081 13.8273616732 -131.342933345
-77.5827904268 13.850066992 -144.086543837
-77.5331101727 13.8704124949 -156.736762454
-77.4821668557 13.8915013409 -169.477357886
-77.4308862703 13.9151804299 177.763949377
-77.3803644513 13.9428222113 164.951938928
-77.3325492241 13.9749657959 152.085287306
-77.2897009792 14.0114054614 139.163831481
-77.2541168312 14.0511495476 126.247926322
-77.2273972553 14.0931464102 113.274498428
-77.2110833597 14.135708404 100.289749644
-77.2062858711 14.1773145615 87.2550359616
-77.2141572215 14.2162674758 74.1298303609
-77.2354993331 14.2502819606 61.0027849825
-77.2701031833 14.2779645224 47.8697467185
-77.3169761509 14.299897321 34.6507072049
-77.3751161814 14.3179059725 21.4190962945
-77.4454759886 14.3330457346 8.13193807223
-77.5284628622 14.3432411344 -5.08089485918
-77.625345203 14.3434582044 -18.3419746091
-77.7351530077 14.3257091134 -31.5343359418
-77.8584536125 14.2774261602 -44.7010618707
-77.9919496583 14.1756531165 -57.7470272359
-78.093698751 14.0150341305 -70.4431974607
-78.1043538677 13.8940582032 -83.0361100776
-78.067371206 13.8344851646 -95.6428005516
-78.0153245055 13.8121633751 -108.352040999
-77.9610197653 13.8150658796 -121.04980777
-77.9099714835 13.8356120046 -133.790798257
-77.8608342646 13.8575813667 -146.450818327
-77.8107076348 13.8780681742 -159.174691914
-77.7596534619 13.8996619692 -171.932720311
-77.7086665636 13.9240591802 175.336814339
-77.6586315079 13.9526438249 162.5095047
-77.6119074265 13.985591945 149.671226603
-77.5704980419 14.0227071544 136.759903883
-77.536727181 14.0628094411 123.872546298
-77.5120721966 14.1047915192 110.944482699
-77.4979448528 14.1469396081 98.0255543008
-77.4953922021 14.1881999466 84.9343532626
-77.5056485858 14.2261853721 71.8287701337
-77.5294762132 14.2590472614 58.6630917034
-77.5665213965 14.2854954344 45.4563543415
-77.6152784868 14.3062544514 32.2532409087
-77.6754323994 14.3234208436 18.9813983313
-77.7474517355 14.3374391404 5.72478642518
-77.8327422649 14.3458610041 -7.58115313099
-77.9307005904 14.3430407544 -20.7886348581
-78.0418786285 14.3204837149 -34.0048099058
-78.1653282591 14.264748878 -47.0943985692
-78.2967118346 14.1501011588 -60.1067853079
-78.3806617046 13.988912322 -72.7560977861
-78.376927571 13.8817253449 -85.3828271907
-78.3356149764 13.8313851888 -97.8750113473
-78.2821230695 13.8144083951 -110.633635627
-78.2283417792 13.8210643201 -123.269999268
-78.178104731 13.8430975229 -135.964157214
-78.1282939196 13.8648779132 -148.773712248
-78.0780670075 13.8854657689 -161.486671126
-78.0269369203 13.9076085824 -174.263906098
-77.9759966154 13.9328736211 172.95810708
-77.9265438217 13.9623578731 160.122865826
-77.8806886717 13.9962770526 147.231179114
-77.8407693014 14.0340500045 134.321087037
-77.8087252843 14.0746743726 121.393431839
-77.7860495966 14.1170204793 108.3772882
-77.7742310432 14.1591883468 95.3650925977
-77.7742456841 14.1994227658 82.3974865698
-77.7871319852 14.2363522353 69.2922630975
-77.8134083725 14.2676805614 56.1902586215
-77.8526157418 14.2926684283 43.0118237244
-77.9033838634 14.3123454758 29.7815168795
-77.9658539078 14.3286966542 16.4166798797
-78.0404111387 14.3415698698 3.05747085904
-78.1275209438 14.3478316435 -10.241321998
-78.2274513324 14.3414487608 -23.4987344411
-78.3401121371 14.3131925218 -36.7186439483
-78.4642510751 14.2480405407 -49.7746299947
-78.590798001 14.119270145 -62.6903146542
-78.6534238063 13.9631705006 -75.3026463153
-78.6369248631 13.8705811432 -87.9518073607
-78.591041057 13.8286424848 -100.585039311
-78.537117149 13.8176617525 -113.226623525
-78.4838703936 13.8283468737 -125.862958649
-78.4345229299 13.8512538349 -138.472464652
-78.3848856364 13.8725422316 -151.207671569
-78.3342592764 13.8934621147 -163.988179298
-78.2827789645 13.916397197 -176.862469684
-78.2320236736 13.9426204203 170.323849179
-78.183720756 13.9728170661 157.593350035
-78.1391194467 14.0075236166 144.720863114
-78.1004594091 14.04631254 131.686603831
-78.0704044464 14.0873162551 118.753531295
-78.0499703343 14.129752132 105.711288616
-78.0406299665 14.1715522662 92.7015067412
-78.043356011 14.211413229 79.6093464835
-78.0590409041 14.2469974159 66.5556482673
-78.0882125187 14.2769054303 53.4018611828
-78.129736275 14.3003108824 40.2626687275
-78.1831743725 14.3190106293 26.904815721
-78.2464938707 14.334066078 13.7899165591
-78.3229388451 14.3455526642 0.44050563761
-78.4121628965 14.3494702002 -12.9077237011
-78.5137915451 14.339210573 -26.1888295715
-78.6282360693 14.3045512104 -39.4597153736
-78.7556585057 14.2263374243 -52.7628620517
-78.872612172 14.0840935492 -65.4878874194
-78.9118806991 13.938305357 -78.1861363073
-78.8842345621 13.8600908862 -90.9177677119
-78.8352457013 13.8271119509 -103.486420546
-78.7809383283 13.8218824159 -116.099338437
-78.7282159916 13.8367951865 -128.812216527
-78.6788631073 13.8600510063 -141.512512847
-78.6289215493 13.88113452 -154.288788628
-78.5782637938 13.9023825674 -167.043839369
-78.5277210069 13.9257027181 -179.706069545
-78.4774910358 13.9528649214 167.501946963
-78.4295283264 13.9844491451 154.617570369
-78.3865183187 14.019965675 141.784140278
-78.3500566079 14.0590775439 128.858432281
-78.3220833856 14.1005814647 115.865486671
-78.3041717494 14.1429103616 102.834223625
-78.2975233071 14.1840853951 89.876142635
-78.3030890551 14.2231066438 76.7694091992
-78.321863601 14.2575782115 63.6330173977
-78.3539800439 14.2858740427 50.4564217083
-78.3974314686 14.3075392051 37.4624178823
-78.4531521928 14.3251675434 24.0656942956
-78.5195073821 14.3393516015 10.7741678975
-78.5978148524 14.3491165387 -2.51446030394
-78.6889214502 14.3501808493 -15.8418209036
-78.7922216961 14.3353310335 -29.1198381145
-78.9076255504 14.2934143894 -42.3298126127
-79.0321474098 14.2049323932 -55.3069070337
-79.1378854218 14.0518209931 -68.0466095757
-79.1573290841 13.920981081 -80.6175153794
-79.12288227 13.8544410747 -93.2337554702
-79.0715629082 13.8276978173 -105.88136984
-79.0168702432 13.8269642353 -118.556702866
-78.9650371752 13.8450288393 -131.259299175
-78.9157973132 13.8678492152 -143.948752368
-78.8659949211 13.8887312735 -156.656615392
-78.8153353043 13.9103482317 -169.399336524
-78.7645251345 13.9345542001 177.835684465
-78.7145441878 13.962707616 164.986833903
-78.6678483564 13.9949181198 152.200923323
-78.6260895195 14.0312037186 139.349459335
-78.5915355598 14.0704921127 126.522118033
-78.5654561656 14.1121669877 113.534956396
-78.5495379133 14.1546921379 100.397318127
-78.545206383 14.1956785379 87.3457114658
-78.553283613 14.2337042278 74.2785347241
-78.574466409 14.2667493581 61.2210700262
-78.6087844975 14.2935738124 48.0785931434
-78.654704903 14.3142488783 34.940301216
-78.7118366552 14.3307891486 21.6398435142
-78.780087352 14.3439943429 8.31917732822
-78.8596156032 14.3521403163 -4.90227550884
-78.9512129753 14.3506829348 -18.105705157
-79.0549453086 14.3320827254 -31.3126111522
-79.1704037484 14.2843319169 -44.4488926513
-79.2946632382 14.1846378516 -57.4819291746
-79.3871609651 14.0260427219 -70.2212229304
-79.3919934066 13.9093289259 -82.6237900006
-79.3523575455 13.8507320141 -95.3521023487
-79.2998930123 13.8293574729 -107.942282865
-79.2454493589 13.8321895946 -120.58247019
-79.1942647028 13.8523942931 -133.295137551
-79.144742321 13.8748679415 -146.050615296
-79.0948608034 13.8957512921 -158.748979797
-79.0440538922 13.9178295126 -171.526114405
-78.9933280113 13.9427423926 175.684429836
-78.9441778359 13.9714651734 162.923586158
-78.8982836186 14.0044080912 150.127181378
-78.8578432206 14.0411342564 137.318774301
-78.8245693473 14.0810130554 124.416098468
-78.8003269173 14.1225640864 111.495381515
-78.7863519351 14.1645086137 98.4803665141
-78.7838620155 14.2048691979 85.4884048917
-78.7938883362 14.2422755206 72.377412054
-78.8170261825 14.2743154413 59.3127591939
-78.8533094631 14.3001015229 46.1078729048
-78.9007744346 14.3197825977 32.9620303229
-78.9587338477 14.3353814475 19.7761251088
-79.0280899549 14.3476748192 6.47653267286
-79.1086223951 14.3544424945 -6.73753168032
-79.2015535025 14.3507447279 -20.0081212065
-79.3059650774 14.328621763 -33.2152558633
-79.4217081351 14.2751165673 -46.3408301537
-79.5434139225 14.166356503 -59.26995189
-79.6226960141 14.0066347392 -71.9987554981
-79.6164331092 13.8997843505 -84.570847624
-79.573745952 13.849158523 -97.1089673721
-79.520243998 13.8319244899 -109.730832316
-79.4660357957 13.8377080405 -122.36673535
-79.415134068 13.8594473394 -135.146864746
